164 0.15645424836601307 0.3561580882352941 0.26633986928104575 0.23253676470588236
171 0.4930555555555556 0.352328431372549 0.37990196078431376 0.2549019607843137
161 0.12990196078431374 0.8711703431372549 0.25326797385620914 0.10263480392156862
161 0.39808006535947715 0.8848039215686274 0.24305555555555555 0.09497549019607843
161 0.39808006535947715 0.764859068627451 0.23651960784313728 0.17003676470588236
161 0.1715686274509804 0.7849264705882353 0.2034313725490196 0.06985294117647059
161 0.18137254901960784 0.7185968137254902 0.2034313725490196 0.08241421568627451
161 0.2297794117647059 0.6623774509803921 0.20629084967320263 0.06004901960784314
177 0.7332516339869282 0.8848039215686274 0.37336601307189543 0.09497549019607843
177 0.7162990196078431 0.7611825980392157 0.3133169934640523 0.14736519607843138
171 0.9064542483660131 0.3167892156862745 0.18709150326797386 0.34129901960784315