47 0.028645833333333332 0.3165849673202614 0.057291666666666664 0.08006535947712419
47 0.028645833333333332 0.40808823529411764 0.057291666666666664 0.08986928104575163
47 0.029871323529411763 0.48815359477124187 0.059742647058823525 0.08333333333333334
47 0.09849877450980392 0.31821895424836605 0.08241421568627451 0.08986928104575163
47 0.09727328431372549 0.4048202614379085 0.08486519607843138 0.08986928104575163
47 0.10110294117647059 0.48815359477124187 0.08272058823529412 0.08333333333333334
48 0.18106617647058823 0.2863562091503268 0.08762254901960784 0.17320261437908496
48 0.18612132352941177 0.45302287581699346 0.08731617647058823 0.16013071895424838
48 0.26746323529411764 0.28308823529411764 0.0900735294117647 0.17320261437908496
48 0.2711397058823529 0.44812091503267976 0.09252450980392157 0.16339869281045752
49 0.3673406862745098 0.27308006535947715 0.10477941176470588 0.1801470588235294
49 0.3711703431372549 0.4448529411764706 0.11243872549019608 0.16993464052287582
49 0.47610294117647056 0.27308006535947715 0.10723039215686274 0.1801470588235294
49 0.4736519607843137 0.44812091503267976 0.10232843137254902 0.16993464052287582
49 0.5848651960784313 0.2763480392156863 0.10477941176470588 0.18668300653594772
49 0.5822610294117647 0.44812091503267976 0.10508578431372549 0.16993464052287582
49 0.6934742647058824 0.2881944444444445 0.07751225490196079 0.16299019607843138
49 0.6798406862745098 0.4513888888888889 0.07475490196078431 0.16339869281045752
49 0.7798713235294118 0.28982843137254904 0.08486519607843138 0.16625816993464052
49 0.7624080882352942 0.4513888888888889 0.08486519607843138 0.16993464052287582
49 0.8448223039215687 0.4513888888888889 0.07996323529411764 0.16339869281045752
49 0.9324448529411764 0.23815359477124184 0.07506127450980392 0.12336601307189543
49 0.9324448529411764 0.35661764705882354 0.07996323529411764 0.12009803921568628
49 0.9322916666666666 0.47651143790849676 0.08517156862745098 0.11968954248366014
50 0.04243259803921569 0.7132352941176471 0.08486519607843138 0.16666666666666669
50 0.047487745098039214 0.8731617647058824 0.09497549019607843 0.14665032679738563
50 0.12607230392156862 0.7046568627450981 0.07751225490196079 0.16993464052287582
50 0.12974877450980393 0.8647875816993464 0.07996323529411764 0.14379084967320263
51 0.2185968137254902 0.6946486928104575 0.11243872549019608 0.18995098039215688
51 0.22227328431372548 0.8764297385620915 0.11488970588235294 0.1736111111111111
51 0.3285845588235294 0.6881127450980392 0.10263480392156862 0.18341503267973858
51 0.3310355392156863 0.8715277777777778 0.10263480392156862 0.17034313725490197
51 0.4310661764705882 0.8415032679738562 0.10232843137254902 0.2099673202614379
51 0.4322916666666667 0.664828431372549 0.09497549019607843 0.1433823529411765
52 0.6897977941176471 0.6646241830065359 0.0701593137254902 0.12336601307189543
52 0.6885723039215687 0.7863562091503268 0.06770833333333333 0.12009803921568628
52 0.6873468137254902 0.8913398692810458 0.0701593137254902 0.11683006535947713
52 0.7636335784313726 0.6664624183006537 0.07261029411764706 0.1270424836601307
52 0.758578431372549 0.7814542483660131 0.06740196078431372 0.11029411764705882
52 0.7611825980392157 0.8880718954248367 0.07261029411764706 0.11029411764705882
53 0.8786764705882353 0.7030228758169935 0.08762254901960784 0.17320261437908496
53 0.8697916666666666 0.8566176470588236 0.08517156862745098 0.16013071895424838
53 0.9598651960784313 0.8415032679738562 0.08026960784313725 0.16993464052287582
55 0.5323223039215687 0.7030228758169935 0.0701593137254902 0.17320261437908496
55 0.5298713235294118 0.8613153594771242 0.07506127450980392 0.1433823529411765
55 0.6122855392156863 0.701388888888889 0.07506127450980392 0.16993464052287582
55 0.6049325980392157 0.8631535947712419 0.07506127450980392 0.15359477124183007
46 0.2261029411764706 0.03329248366013072 0.10232843137254902 0.06331699346405228
46 0.32613357843137253 0.03410947712418301 0.10508578431372549 0.06495098039215687
46 0.42784926470588236 0.037377450980392156 0.10386029411764705 0.07148692810457516
54 0.5355392156862745 0.03574346405228758 0.09620098039215687 0.06821895424836602
54 0.6292892156862745 0.03819444444444445 0.09129901960784313 0.06985294117647059
54 0.7265625 0.03574346405228758 0.10631127450980392 0.06821895424836602