46 0.1264297385620915 0.12990196078431374 0.13357843137254902 0.11519607843137254
46 0.12479575163398693 0.23728553921568626 0.13031045751633988 0.11488970588235294
46 0.26143790849673204 0.12607230392156862 0.13643790849673204 0.11243872549019608
46 0.2581699346405229 0.2386642156862745 0.13643790849673204 0.11764705882352941
46 0.3997140522875817 0.23988970588235295 0.14665032679738563 0.11519607843137254
46 0.3764297385620915 0.14353553921568626 0.09354575163398693 0.07751225490196079
46 0.4131944444444445 0.06985294117647059 0.11315359477124183 0.09497549019607843
54 0.5414624183006536 0.23238357843137256 0.13684640522875818 0.13020833333333334
54 0.5414624183006536 0.09604779411764705 0.13684640522875818 0.14246323529411764
54 0.6748366013071896 0.09727328431372549 0.12336601307189543 0.1449142156862745
54 0.6715686274509804 0.23238357843137256 0.12336601307189543 0.1449142156862745
54 0.798202614379085 0.23360906862745098 0.12336601307189543 0.14246323529411764
54 0.8031045751633987 0.09114583333333333 0.12663398692810457 0.14246323529411764
48 0.0647467320261438 0.45618872549019607 0.10988562091503268 0.12254901960784313
48 0.1832107843137255 0.5772058823529411 0.10661764705882354 0.125
48 0.1781045751633987 0.4522058823529412 0.11029411764705882 0.125
48 0.06964869281045752 0.5799632352941176 0.10661764705882354 0.125
49 0.318014705882353 0.446078431372549 0.1433823529411765 0.1323529411764706
49 0.6096813725490197 0.5798100490196079 0.14011437908496732 0.13511029411764705
49 0.4646650326797386 0.5749080882352942 0.1433823529411765 0.13511029411764705
49 0.604779411764706 0.44730392156862747 0.1433823529411765 0.13480392156862744
49 0.4646650326797386 0.4485294117647059 0.1433823529411765 0.1323529411764706
49 0.31638071895424835 0.571078431372549 0.14011437908496732 0.1323529411764706
49 0.7563316993464052 0.4535845588235294 0.10661764705882354 0.12775735294117646
49 0.9532271241830066 0.5785845588235294 0.09354575163398693 0.12775735294117646
49 0.8531454248366014 0.5759803921568627 0.10661764705882354 0.12745098039215685
49 0.8698937908496732 0.45618872549019607 0.10661764705882354 0.12745098039215685
49 0.7397875816993464 0.5785845588235294 0.10620915032679738 0.12775735294117646
51 0.11294934640522876 0.7624080882352942 0.14011437908496732 0.1449142156862745
51 0.11478758169934641 0.8998161764705882 0.1503267973856209 0.125
51 0.25653594771241833 0.7611825980392157 0.13970588235294118 0.14736519607843138
51 0.2549019607843137 0.8961397058823529 0.13643790849673204 0.1323529411764706
51 0.3997140522875817 0.8772977941176471 0.14011437908496732 0.17003676470588236
51 0.4048202614379085 0.733609068627451 0.12990196078431374 0.09221813725490197
55 0.5414624183006536 0.7636335784313726 0.09681372549019608 0.14246323529411764
55 0.5349264705882353 0.8897058823529411 0.10334967320261439 0.125
55 0.6497140522875817 0.7685355392156863 0.10008169934640523 0.14736519607843138
55 0.6415441176470589 0.889859068627451 0.10334967320261439 0.11979166666666667
52 0.7581699346405228 0.7423406862745098 0.08986928104575163 0.10477941176470588
52 0.854779411764706 0.9123774509803921 0.09027777777777778 0.10477941176470588
52 0.854779411764706 0.8348651960784313 0.09027777777777778 0.10477941176470588
52 0.7516339869281046 0.9186580882352942 0.08986928104575163 0.10263480392156862
52 0.8580473856209151 0.7435661764705882 0.09027777777777778 0.10232843137254902