209 0.14736519607843138 0.769812091503268 0.15502450980392157 0.3533496732026144
205 0.3086703431372549 0.7914624183006537 0.17738970588235295 0.40318627450980393
205 0.48223039215686275 0.7863562091503268 0.18504901960784315 0.4068627450980392
205 0.6587009803921569 0.7865604575163399 0.1875 0.39338235294117646
206 0.8573835784313726 0.7965686274509804 0.20496323529411764 0.4068627450980392
207 0.18995098039215685 0.2479575163398693 0.18995098039215685 0.3700980392156863
207 0.35110294117647056 0.2832924836601307 0.14276960784313725 0.3133169934640523
207 0.49984681372549017 0.29473039215686275 0.14981617647058823 0.27655228758169936
204 0.6461397058823529 0.2930964052287582 0.15747549019607843 0.2798202614379085
204 0.827359068627451 0.2679738562091503 0.20006127450980393 0.3300653594771242
217 0.041207107843137254 0.3147467320261438 0.08241421568627451 0.22344771241830066