210 0.09987745098039215 0.3133169934640523 0.17524509803921567 0.20669934640522877
210 0.25980392156862747 0.3449754901960784 0.13480392156862744 0.1433823529411765
211 0.3935355392156863 0.3147467320261438 0.14736519607843138 0.19648692810457516
211 0.5522365196078431 0.27818627450980393 0.17003676470588236 0.2834967320261438
211 0.7185968137254902 0.2849264705882353 0.1724877450980392 0.27655228758169936
207 0.8612132352941176 0.29983660130718953 0.12254901960784313 0.23366013071895425
207 0.952359068627451 0.28656045751633985 0.09528186274509803 0.2732843137254902
207 0.12852328431372548 0.8049428104575164 0.2074142156862745 0.3901143790849673
207 0.29871323529411764 0.8082107843137255 0.15747549019607843 0.3631535947712418
207 0.4649203431372549 0.8014705882352942 0.16513480392156862 0.3431372549019608
204 0.6199448529411765 0.7963643790849674 0.17493872549019607 0.34681372549019607
204 0.8086703431372549 0.7947303921568628 0.23253676470588236 0.3901143790849673