212 0.14246323529411764 0.7730800653594772 0.15992647058823528 0.3402777777777778
212 0.33486519607843135 0.7179330065359477 0.0900735294117647 0.27001633986928103
201 0.41605392156862747 0.8033088235294118 0.15747549019607843 0.39338235294117646
201 0.5635723039215687 0.798202614379085 0.14246323529411764 0.3831699346405229
202 0.7322303921568627 0.7546977124183006 0.18995098039215685 0.4701797385620915
202 0.9060968137254902 0.7598039215686275 0.18229166666666666 0.4803921568627451
206 0.07490808823529412 0.16993464052287582 0.14981617647058823 0.33986928104575165
206 0.2512254901960784 0.18484477124183007 0.1875 0.3165849673202614
202 0.4085477941176471 0.2064950980392157 0.1173406862745098 0.2667483660130719
202 0.5209865196078431 0.17320261437908496 0.13756127450980393 0.3464052287581699
202 0.6636029411764706 0.17483660130718956 0.14276960784313725 0.3496732026143791
203 0.8023897058823529 0.16993464052287582 0.15992647058823528 0.33986928104575165
203 0.9361213235294118 0.17320261437908496 0.12775735294117646 0.3464052287581699