213 0.23621323529411764 0.7681781045751634 0.21752450980392157 0.3901143790849673
213 0.5574448529411765 0.789828431372549 0.20006127450980393 0.42034313725490197
213 0.4424019607843137 0.7649101307189543 0.12009803921568628 0.3901143790849673
214 0.8298100490196079 0.7865604575163399 0.23988970588235295 0.4268790849673203
201 0.1211703431372549 0.3247549019607843 0.14736519607843138 0.3366013071895425
201 0.26731004901960786 0.3298611111111111 0.13511029411764705 0.3198529411764706
202 0.4111519607843137 0.2914624183006536 0.16237745098039216 0.39665032679738566
202 0.5635723039215687 0.29983660130718953 0.14246323529411764 0.38643790849673204
203 0.7385110294117647 0.289624183006536 0.1724877450980392 0.37336601307189543
203 0.8849571078431372 0.3014705882352941 0.1449142156862745 0.37663398692810457
213 0.06295955882352941 0.7873774509803921 0.12408088235294118 0.4252450980392157