216 0.1135110294117647 0.33986928104575165 0.19761029411764705 0.32026143790849676
212 0.27987132352941174 0.36151960784313725 0.13020833333333334 0.2769607843137255
212 0.4247855392156863 0.39133986928104575 0.0701593137254902 0.2034313725490196
201 0.5160845588235294 0.33639705882352944 0.12775735294117646 0.306781045751634
201 0.6436887254901961 0.3366013071895425 0.12745098039215685 0.29983660130718953
202 0.7912071078431372 0.28982843137254904 0.1724877450980392 0.3868464052287582
202 0.9286151960784313 0.28308823529411764 0.14276960784313725 0.37336601307189543
213 0.3935355392156863 0.7849264705882353 0.22763480392156862 0.43014705882352944
213 0.59375 0.7714460784313726 0.1875 0.4097222222222222
213 0.7910539215686274 0.7763480392156863 0.14767156862745098 0.39338235294117646
213 0.9074754901960784 0.7865604575163399 0.18504901960784315 0.4268790849673203
751 0.06740196078431372 0.8363970588235294 0.13480392156862744 0.3198529411764706
751 0.20603553921568626 0.8098447712418301 0.1326593137254902 0.3803104575163399