209 0.1329656862745098 0.5185355392156863 0.18668300653594772 0.22763480392156862
205 0.31821895424836605 0.5235906862745098 0.2099673202614379 0.26776960784313725
205 0.5314542483660131 0.514859068627451 0.2434640522875817 0.2650122549019608
205 0.7598039215686275 0.5010723039215687 0.24019607843137256 0.27236519607843135
204 0.7363153594771242 0.1323529411764706 0.2267156862745098 0.21997549019607843
204 0.9082924836601307 0.11488970588235294 0.18341503267973858 0.22977941176470587
204 0.5249183006535948 0.1560968137254902 0.21650326797385622 0.21721813725490197
204 0.3165849673202614 0.15992647058823528 0.21323529411764708 0.2150735294117647
204 0.13827614379084968 0.1447610294117647 0.22998366013071897 0.2650122549019608
752 0.17647058823529413 0.8048406862745098 0.16666666666666669 0.16482843137254902
752 0.3314950980392157 0.8010110294117647 0.15645424836601307 0.16758578431372548
216 0.5049019607843137 0.8310355392156863 0.2034313725490196 0.23743872549019607
216 0.7381535947712419 0.8736213235294118 0.2434640522875817 0.25275735294117646
216 0.9115604575163399 0.858609068627451 0.17687908496732027 0.27236519607843135
753 0.05147058823529412 0.8385416666666666 0.10294117647058824 0.21262254901960784
206 0.9348447712418301 0.49417892156862747 0.13031045751633988 0.29105392156862747