209 0.09114583333333333 0.8198529411764706 0.18229166666666666 0.3602941176470588
209 0.2861519607843137 0.8165849673202614 0.21262254901960784 0.36683006535947715
209 0.4797794117647059 0.8165849673202614 0.1801470588235294 0.36683006535947715
209 0.6548713235294118 0.8214869281045752 0.1798406862745098 0.3570261437908497
209 0.8310355392156863 0.8233251633986929 0.19761029411764705 0.3533496732026144
209 0.952359068627451 0.8063725490196079 0.09528186274509803 0.33333333333333337
218 0.0860906862745098 0.3198529411764706 0.1323529411764706 0.30637254901960786
219 0.21354166666666666 0.3247549019607843 0.12745098039215685 0.3031045751633987
219 0.34221813725490197 0.3263888888888889 0.125 0.286764705882353
217 0.48223039215686275 0.3247549019607843 0.15502450980392157 0.2965686274509804
217 0.6285232843137255 0.3547794117647059 0.14246323529411764 0.2569444444444445
217 0.7573529411764706 0.3729575163398693 0.12009803921568628 0.20669934640522877
207 0.9060968137254902 0.3449754901960784 0.12224264705882353 0.27001633986928103