209 0.39736519607843135 0.8047385620915033 0.17524509803921567 0.3700980392156863
209 0.5698529411764706 0.8065767973856209 0.1801470588235294 0.3868464052287582
209 0.7498468137254902 0.8133169934640523 0.19025735294117646 0.37336601307189543
209 0.914828431372549 0.8098447712418301 0.16482843137254902 0.3803104575163399
220 0.18474264705882354 0.31147875816993464 0.2150735294117647 0.27655228758169936
220 0.4036458333333333 0.31821895424836605 0.18229166666666666 0.2900326797385621
218 0.5536151960784313 0.3298611111111111 0.10723039215686274 0.2732843137254902
218 0.6786151960784313 0.3098447712418301 0.13725490196078433 0.306781045751634
219 0.8098958333333334 0.3098447712418301 0.13511029411764705 0.306781045751634
219 0.9322916666666666 0.3214869281045752 0.125 0.2965686274509804
224 0.049938725490196074 0.8031045751633987 0.09987745098039215 0.37336601307189543
224 0.1999080882352941 0.8031045751633987 0.22518382352941177 0.37990196078431376