226 0.28982843137254904 0.8023897058823529 0.2667483660130719 0.2800245098039216
226 0.5349264705882353 0.8223039215686274 0.27655228758169936 0.31004901960784315
226 0.8047385620915033 0.8310355392156863 0.2965686274509804 0.3226102941176471
224 0.23815359477124184 0.4535845588235294 0.1968954248366013 0.23743872549019607
224 0.06658496732026144 0.4574142156862745 0.12663398692810457 0.2849264705882353
224 0.4681372549019608 0.44362745098039214 0.2965686274509804 0.2922794117647059
224 0.7616421568627452 0.43244485294117646 0.31004901960784315 0.29503676470588236
225 0.18484477124183007 0.08869485294117647 0.31004901960784315 0.17738970588235295
220 0.6981209150326798 0.07245710784313725 0.3235294117647059 0.1449142156862745
220 0.9283088235294118 0.06740196078431372 0.1433823529411765 0.12990196078431374
227 0.07904411764705882 0.8403799019607843 0.1548202614379085 0.3088235294117647