227 0.1664624183006536 0.8086703431372549 0.2863562091503268 0.2974877450980392
227 0.44138071895424835 0.8060661764705882 0.28308823529411764 0.3075980392156863
227 0.7165032679738562 0.8111213235294118 0.29330065359477125 0.3023897058823529
226 0.9299428104575164 0.7599571078431372 0.14011437908496732 0.2650122549019608
228 0.1513480392156863 0.41605392156862747 0.28308823529411764 0.27267156862745096
228 0.40645424836601307 0.4174325980392157 0.25326797385620914 0.2601102941176471
224 0.6997549019607844 0.4010416666666667 0.30637254901960786 0.3075980392156863
224 0.9299428104575164 0.40349264705882354 0.14011437908496732 0.25245098039215685
229 0.12152777777777778 0.0661764705882353 0.23651960784313728 0.1323529411764706
229 0.37479575163398693 0.059895833333333336 0.289624183006536 0.11979166666666667
755 0.6629901960784313 0.05621936274509804 0.25980392156862747 0.10753676470588235