204 0.20465686274509803 0.07996323529411764 0.2900326797385621 0.15992647058823528
204 0.5149101307189543 0.07735906862745098 0.27001633986928103 0.15471813725490197
208 0.7763480392156863 0.07490808823529412 0.2332516339869281 0.14981617647058823
206 0.22487745098039216 0.48238357843137253 0.31004901960784315 0.32015931372549017
206 0.5081699346405228 0.47120098039215685 0.2769607843137255 0.3125
206 0.7316176470588236 0.4560355392156863 0.2099673202614379 0.26746323529411764
202 0.9048202614379085 0.4647671568627451 0.13643790849673204 0.21997549019607843
216 0.18137254901960784 0.8624387254901961 0.25653594771241833 0.27512254901960786
216 0.4297385620915033 0.8648897058823529 0.27369281045751637 0.2702205882352941
212 0.6413398692810458 0.858609068627451 0.16339869281045752 0.25275735294117646
212 0.7649101307189543 0.7685355392156863 0.11642156862745098 0.14736519607843138
208 0.9307598039215687 0.07613357843137254 0.13848039215686275 0.1449142156862745
205 0.05147058823529412 0.4767156862745098 0.09967320261437909 0.3112745098039216
201 0.9489379084967321 0.8711703431372549 0.09477124183006536 0.25765931372549017