230 0.15364583333333334 0.7749183006535948 0.16268382352941177 0.3300653594771242
230 0.30974264705882354 0.8065767973856209 0.18995098039215685 0.3533496732026144
230 0.48360906862745096 0.8082107843137255 0.18229166666666666 0.35661764705882354
231 0.6723345588235294 0.7963643790849674 0.20986519607843138 0.34681372549019607
231 0.8861825980392156 0.8033088235294118 0.22763480392156862 0.3533496732026144
65 0.12990196078431374 0.2879901960784314 0.22487745098039216 0.3700980392156863
65 0.3397671568627451 0.27655228758169936 0.24509803921568626 0.37990196078431376
58 0.5284926470588235 0.25469771241830064 0.12254901960784313 0.39665032679738566
58 0.6423100490196079 0.2397875816993464 0.11979166666666667 0.440359477124183
58 0.764859068627451 0.23141339869281047 0.13020833333333334 0.4366830065359477
58 0.889859068627451 0.22160947712418302 0.1400122549019608 0.44321895424836605
64 0.05116421568627451 0.7681781045751634 0.10232843137254902 0.35661764705882354
58 0.9712009803921569 0.2354983660130719 0.05759803921568627 0.43504901960784315