239 0.06112132352941176 0.07659313725490197 0.12224264705882353 0.15318627450980393
239 0.1999080882352941 0.07495915032679738 0.1798406862745098 0.14991830065359477
239 0.3785232843137255 0.07312091503267974 0.17738970588235295 0.13970588235294118
240 0.8397671568627451 0.06495098039215687 0.25 0.12990196078431374
236 0.10110294117647059 0.3715277777777778 0.20220588235294118 0.22344771241830066
236 0.24356617647058823 0.4013480392156863 0.12254901960784313 0.13684640522875818
237 0.3985906862745098 0.3314950980392157 0.19240196078431374 0.27655228758169936
237 0.5611213235294118 0.32802287581699346 0.16268382352941177 0.2900326797385621
237 0.7161458333333334 0.3247549019607843 0.19761029411764705 0.2900326797385621
237 0.889859068627451 0.31495098039215685 0.21476715686274508 0.2900326797385621
241 0.05744485294117647 0.8065767973856209 0.11488970588235294 0.3133169934640523
241 0.17493872549019607 0.8298611111111112 0.15012254901960784 0.2602124183006536
238 0.3448223039215686 0.7497957516339869 0.20496323529411764 0.4268790849673203
238 0.5235906862745098 0.7481617647058824 0.15747549019607843 0.4170751633986928
238 0.6848958333333334 0.7465277777777778 0.1951593137254902 0.4334150326797386
238 0.875 0.7381535947712419 0.25 0.4166666666666667
756 0.5574448529411765 0.088031045751634 0.10998774509803921 0.09681372549019608
757 0.671109068627451 0.049836601307189546 0.10753676470588235 0.09967320261437909