60 0.0586703431372549 0.4464869281045752 0.1173406862745098 0.28022875816993464
63 0.2035845588235294 0.4180964052287582 0.14246323529411764 0.31004901960784315
63 0.352328431372549 0.414624183006536 0.15992647058823528 0.3366013071895425
63 0.5098039215686274 0.4215686274509804 0.15012254901960784 0.3366013071895425
63 0.6611519607843137 0.42320261437908496 0.14767156862745098 0.33333333333333337
64 0.8685661764705882 0.42647058823529416 0.1525735294117647 0.32679738562091504
62 0.07123161764705882 0.8163807189542484 0.14246323529411764 0.2732843137254902
62 0.25 0.7565359477124183 0.125 0.20016339869281047
65 0.3872549019607843 0.8047385620915033 0.15502450980392157 0.2965686274509804
65 0.5310968137254902 0.7749183006535948 0.13756127450980393 0.2434640522875817
65 0.6873468137254902 0.8065767973856209 0.1602328431372549 0.2798202614379085
66 0.8498774509803921 0.8014705882352942 0.15502450980392157 0.3031045751633987
66 0.9623161764705882 0.7949346405228759 0.06985294117647059 0.2965686274509804
64 0.9712009803921569 0.42483660130718953 0.05759803921568627 0.3496732026143791
197 0.7348345588235294 0.08476307189542484 0.16513480392156862 0.16625816993464052
197 0.8886335784313726 0.08660130718954248 0.14736519607843138 0.16993464052287582
59 0.5729166666666666 0.08149509803921569 0.1636029411764706 0.15645424836601307
59 0.40487132352941174 0.0806781045751634 0.1798406862745098 0.1548202614379085
59 0.23606004901960784 0.07230392156862746 0.17738970588235295 0.14133986928104575
59 0.07475490196078431 0.06821895424836602 0.14767156862745098 0.13316993464052287