239 0.2261029411764706 0.41482843137254904 0.1875 0.19648692810457516
239 0.39246323529411764 0.4164624183006536 0.15502450980392157 0.19975490196078433
239 0.5572916666666666 0.40808823529411764 0.1948529411764706 0.1968954248366013
239 0.7261029411764706 0.4115604575163399 0.1875 0.18995098039215688
236 0.4635416666666667 0.7647058823529412 0.1875 0.2900326797385621
236 0.6223958333333334 0.7863562091503268 0.1449142156862745 0.24673202614379086
236 0.28737745098039214 0.7681781045751634 0.21017156862745098 0.27655228758169936
237 0.8298100490196079 0.7365196078431373 0.2699142156862745 0.33986928104575165
756 0.9247855392156863 0.31821895424836605 0.08486519607843138 0.08986928104575163
756 0.9448529411764706 0.43995098039215685 0.0900735294117647 0.08660130718954248
236 0.1173406862745098 0.7614379084967321 0.22732843137254902 0.29330065359477125