239 0.24816176470588236 0.17110906862745098 0.22998366013071897 0.13756127450980393
239 0.4581290849673203 0.16099877450980393 0.21691176470588236 0.14246323529411764
239 0.6646241830065359 0.14981617647058823 0.2434640522875817 0.13480392156862744
239 0.8882761437908497 0.13985906862745098 0.22344771241830066 0.13020833333333334
236 0.5782271241830066 0.39231004901960786 0.22344771241830066 0.17493872549019607
236 0.7749183006535948 0.4111519607843137 0.17647058823529413 0.11764705882352941
236 0.35314542483660133 0.40471813725490197 0.2397875816993464 0.15502450980392157
241 0.16299019607843138 0.7261029411764706 0.20669934640522877 0.20220588235294118
241 0.3415032679738562 0.7297794117647058 0.18300653594771243 0.2150735294117647
241 0.5365604575163399 0.7224264705882353 0.2332516339869281 0.22487745098039216
241 0.7446895424836601 0.7248774509803921 0.2434640522875817 0.21997549019607843
237 0.9283088235294118 0.3517156862745098 0.1433823529411765 0.21875
238 0.9264705882352942 0.671109068627451 0.14705882352941177 0.3275122549019608
236 0.1607434640522876 0.4030330882352941 0.22834967320261437 0.1761642156862745