239 0.09150326797385622 0.0661764705882353 0.18300653594771243 0.1323529411764706
239 0.30800653594771243 0.07230392156862744 0.25 0.12990196078431374
236 0.12479575163398693 0.3135723039215686 0.1433823529411765 0.11243872549019608
237 0.3131127450980392 0.27496936274509803 0.2397875816993464 0.20006127450980393
237 0.519812091503268 0.2737438725490196 0.20629084967320263 0.2025122549019608
237 0.7048611111111112 0.2735906862745098 0.22998366013071897 0.19730392156862744
237 0.894812091503268 0.27496936274509803 0.21037581699346405 0.20006127450980393
238 0.2514297385620915 0.5485600490196079 0.22998366013071897 0.26256127450980393
238 0.44812091503267976 0.5536151960784313 0.18300653594771243 0.25245098039215685
238 0.6299019607843137 0.5522365196078431 0.20669934640522877 0.2650122549019608
238 0.8498774509803921 0.5536151960784313 0.2798202614379085 0.26776960784313725
242 0.3598856209150327 0.8961397058823529 0.20016339869281047 0.2077205882352941
242 0.6881127450980392 0.8912377450980392 0.24305555555555555 0.21752450980392157
242 0.8913398692810458 0.8912377450980392 0.2034313725490196 0.21752450980392157
756 0.5130718954248367 0.09114583333333333 0.09313725490196079 0.057291666666666664
757 0.6613562091503268 0.06985294117647059 0.12336601307189543 0.08026960784313725
240 0.8649918300653595 0.07598039215686274 0.27001633986928103 0.12745098039215685
241 0.06985294117647059 0.608609068627451 0.13970588235294118 0.15778186274509803
243 0.16319444444444445 0.8936887254901961 0.14011437908496732 0.21262254901960784
756 0.5263480392156863 0.021599264705882353 0.10008169934640523 0.04136029411764706
236 0.03901143790849673 0.29856004901960786 0.07475490196078431 0.16268382352941177
243 0.05065359477124183 0.8949142156862745 0.09803921568627451 0.21017156862745098
242 0.525531045751634 0.8955269607843137 0.1352124183006536 0.20894607843137256