239 0.19138071895424838 0.07475490196078431 0.19648692810457516 0.12990196078431374
239 0.3929738562091503 0.07230392156862744 0.20669934640522877 0.13480392156862744
239 0.5933415032679739 0.06495098039215687 0.2267156862745098 0.12990196078431374
239 0.8033088235294118 0.059895833333333336 0.2267156862745098 0.11979166666666667
237 0.8766339869281046 0.25474877450980393 0.24673202614379086 0.20006127450980393
236 0.49979575163398693 0.29105392156862747 0.19321895424836602 0.1525735294117647
236 0.29983660130718953 0.3010110294117647 0.21977124183006536 0.14246323529411764
236 0.664828431372549 0.30621936274509803 0.14991830065359477 0.11243872549019608
236 0.12969771241830066 0.2973345588235294 0.18668300653594772 0.14981617647058823
241 0.14133986928104575 0.5810355392156863 0.16993464052287582 0.1724877450980392
241 0.29473039215686275 0.5873161764705882 0.14991830065359477 0.16482843137254902
241 0.45322712418300654 0.5860906862745098 0.18668300653594772 0.16727941176470587
241 0.6280637254901961 0.5834865196078431 0.18995098039215688 0.1724877450980392
238 0.8531454248366014 0.5359987745098039 0.2536764705882353 0.26256127450980393
243 0.17647058823529413 0.8760723039215687 0.21977124183006536 0.2074142156862745
243 0.3964460784313726 0.8772977941176471 0.20710784313725492 0.20496323529411764
243 0.5798611111111112 0.8748468137254902 0.18668300653594772 0.20496323529411764
243 0.7397875816993464 0.8748468137254902 0.15359477124183007 0.21476715686274508
242 0.9064542483660131 0.8762254901960784 0.18709150326797386 0.21752450980392157