244 0.2064950980392157 0.3249080882352941 0.3533496732026144 0.29993872549019607
244 0.48815359477124187 0.32981004901960786 0.25653594771241833 0.32506127450980393
244 0.6913807189542484 0.3336397058823529 0.18341503267973858 0.33762254901960786
244 0.8766339869281046 0.3385416666666667 0.24673202614379086 0.3676470588235294
245 0.23815359477124184 0.5986519607843137 0.2965686274509804 0.24754901960784315
245 0.5179738562091504 0.6073835784313726 0.3300653594771242 0.2650122549019608
245 0.8080065359477124 0.6073835784313726 0.2900326797385621 0.20986519607843138
758 0.21977124183006536 0.883578431372549 0.17973856209150327 0.19730392156862744
758 0.40645424836601307 0.8809742647058824 0.20669934640522877 0.2025122549019608
758 0.548202614379085 0.8785232843137255 0.16339869281045752 0.2074142156862745
759 0.6997549019607844 0.8823529411764706 0.17320261437908496 0.1997549019607843
759 0.8764297385620915 0.8874080882352942 0.2397875816993464 0.20496323529411764
242 0.06495098039215687 0.6349571078431372 0.12336601307189543 0.17493872549019607