250 0.23223039215686275 0.056576797385620915 0.125 0.11315359477124183
250 0.36121323529411764 0.05821078431372549 0.12745098039215685 0.11642156862745098
250 0.49984681372549017 0.056576797385620915 0.11979166666666667 0.11315359477124183
244 0.09620098039215687 0.3431372549019608 0.12254901960784313 0.35294117647058826
246 0.20863970588235295 0.32822712418300654 0.11764705882352941 0.28308823529411764
246 0.3648897058823529 0.34334150326797386 0.10477941176470588 0.3133169934640523
246 0.46246936274509803 0.3314950980392157 0.10998774509803921 0.33700980392156865
246 0.5473345588235294 0.3298611111111111 0.07506127450980392 0.2602124183006536
246 0.6423100490196079 0.30657679738562094 0.10998774509803921 0.306781045751634
246 0.8760723039215687 0.3165849673202614 0.14246323529411764 0.29330065359477125
245 0.0935968137254902 0.6280637254901961 0.16758578431372548 0.22998366013071897
247 0.22993259803921567 0.6198937908496732 0.10508578431372549 0.2397875816993464
247 0.39231004901960786 0.6431781045751634 0.08486519607843138 0.2798202614379085
247 0.46859681372549017 0.6431781045751634 0.07751225490196079 0.2798202614379085
247 0.5386029411764706 0.6299019607843137 0.07720588235294118 0.29983660130718953
248 0.6299019607843137 0.616421568627451 0.12009803921568628 0.20669934640522877
248 0.7311580882352942 0.6247957516339869 0.10263480392156862 0.20302287581699346
248 0.8235294117647058 0.6196895424836601 0.09252450980392157 0.20669934640522877
248 0.9361213235294118 0.6247957516339869 0.12775735294117646 0.19648692810457516
249 0.49111519607843135 0.9115604575163399 0.12254901960784313 0.17687908496732027
249 0.5873161764705882 0.9080882352941176 0.0900735294117647 0.16339869281045752
252 0.6873468137254902 0.9180964052287582 0.10018382352941177 0.15645424836601307
252 0.7859987745098039 0.9064542483660131 0.11243872549019608 0.18709150326797386
253 0.9272365196078431 0.8848039215686275 0.1400122549019608 0.2303921568627451
759 0.07981004901960784 0.9080882352941176 0.10018382352941177 0.17647058823529413
759 0.17861519607843138 0.9115604575163399 0.10232843137254902 0.17687908496732027
759 0.2823223039215686 0.9064542483660131 0.10998774509803921 0.17973856209150327