63 0.12826797385620917 0.43612132352941174 0.25653594771241833 0.3324142156862745
63 0.3964460784313726 0.43995098039215685 0.2798202614379085 0.3400735294117647
63 0.6746323529411765 0.4424019607843137 0.27655228758169936 0.3449754901960784
65 0.1962826797385621 0.8111213235294118 0.2667483660130719 0.2772671568627451
65 0.46977124183006536 0.7697610294117647 0.23366013071895425 0.2349877450980392
65 0.7281454248366013 0.8186274509803921 0.27001633986928103 0.28737745098039214
197 0.8114787581699346 0.07919730392156862 0.31004901960784315 0.1565563725490196
59 0.5006127450980392 0.08042279411764706 0.30187908496732024 0.15900735294117646
59 0.20567810457516342 0.08042279411764706 0.30187908496732024 0.15900735294117646
66 0.9356617647058824 0.8241421568627451 0.1286764705882353 0.3314950980392157
62 0.05739379084967321 0.7386642156862745 0.11151960784313726 0.18504901960784315