68 0.16482843137254902 0.12316176470588236 0.1801470588235294 0.24632352941176472
254 0.3125 0.12152777777777778 0.125 0.22344771241830066
254 0.43121936274509803 0.1315359477124183 0.11243872549019608 0.2434640522875817
254 0.5473345588235294 0.13643790849673204 0.11979166666666667 0.23366013071895425
255 0.6672794117647058 0.13991013071895425 0.12990196078431374 0.2332516339869281
255 0.7873774509803921 0.13643790849673204 0.12990196078431374 0.23366013071895425
255 0.8985906862745098 0.15155228758169936 0.10723039215686274 0.2434640522875817
251 0.17478553921568626 0.43300653594771243 0.20496323529411764 0.25326797385620914
251 0.35860906862745096 0.4513888888888889 0.15778186274509803 0.2434640522875817
251 0.53125 0.46139705882352944 0.1875 0.22998366013071897
256 0.7049632352941176 0.48141339869281047 0.15992647058823528 0.20302287581699346
256 0.8823529411764706 0.4797794117647059 0.1948529411764706 0.2201797385620915
246 0.09727328431372549 0.8098447712418301 0.17003676470588236 0.3803104575163399
246 0.4298406862745098 0.8149509803921569 0.16482843137254902 0.3700980392156863
257 0.5848651960784313 0.8582516339869282 0.14522058823529413 0.2834967320261438
257 0.7360600490196079 0.8715277777777778 0.16268382352941177 0.2569444444444445
258 0.9149816176470588 0.8682598039215687 0.17003676470588236 0.26348039215686275
762 0.04350490196078431 0.12071078431372549 0.08517156862745098 0.23815359477124184
246 0.20848651960784315 0.8098447712418301 0.10753676470588235 0.3803104575163399