254 0.07495915032679738 0.17738970588235295 0.14991830065359477 0.1948529411764706
254 0.23304738562091504 0.18596813725490197 0.15972222222222224 0.1875
255 0.3897058823529412 0.19730392156862744 0.15359477124183007 0.18504901960784315
255 0.5447303921568628 0.1999080882352941 0.15645424836601307 0.1951593137254902
255 0.6897467320261438 0.2074142156862745 0.14011437908496732 0.18995098039215685
259 0.8715277777777778 0.2112438725490196 0.21691176470588236 0.2025122549019608
251 0.20302287581699346 0.4322916666666667 0.25326797385620914 0.1801470588235294
256 0.4448529411764706 0.446078431372549 0.2034313725490196 0.16237745098039216
256 0.6529820261437909 0.4485294117647059 0.2332516339869281 0.15747549019607843
256 0.9131944444444444 0.45113357843137253 0.1736111111111111 0.16268382352941177
257 0.24305555555555555 0.7285539215686274 0.20669934640522877 0.21262254901960784
257 0.4497549019607843 0.733609068627451 0.21977124183006536 0.2025122549019608
258 0.7230392156862745 0.7299325980392157 0.286764705882353 0.20986519607843138
246 0.07332516339869281 0.7299325980392157 0.14665032679738563 0.33486519607843135
251 0.04411764705882353 0.4430147058823529 0.08496732026143791 0.15870098039215685
258 0.9215686274509804 0.7354473039215687 0.1568627450980392 0.20128676470588236