251 0.1431781045751634 0.22472426470588236 0.2602124183006536 0.17003676470588236
256 0.39808006535947715 0.24739583333333334 0.21037581699346405 0.13511029411764705
256 0.6180555555555556 0.2423406862745098 0.2434640522875817 0.14522058823529413
256 0.9015522875816994 0.24356617647058823 0.1968954248366013 0.16237745098039216
257 0.20302287581699346 0.5323223039215687 0.20669934640522877 0.20006127450980393
257 0.4180964052287582 0.53125 0.22998366013071897 0.1875
258 0.6897467320261438 0.5272671568627451 0.2863562091503268 0.18995098039215685
258 0.8980800653594772 0.5359987745098039 0.19648692810457516 0.1724877450980392
248 0.1599264705882353 0.8448223039215687 0.2267156862745098 0.23008578431372548
248 0.42320261437908496 0.8362438725490196 0.20669934640522877 0.2025122549019608
260 0.6781045751633987 0.8661151960784313 0.2630718954248366 0.1323529411764706
260 0.8480392156862745 0.827359068627451 0.1568627450980392 0.19025735294117646
259 0.8447712418300654 0.05284926470588235 0.24019607843137256 0.10386029411764705
255 0.6497140522875817 0.044730392156862746 0.15318627450980393 0.08762254901960784
255 0.49468954248366015 0.041207107843137254 0.16666666666666669 0.07751225490196079
255 0.33333333333333337 0.03370098039215686 0.16666666666666669 0.0625
254 0.16237745098039216 0.032935049019607844 0.17851307189542484 0.06403186274509803