261 0.5323223039215687 0.07822712418300654 0.21476715686274508 0.15645424836601307
261 0.7285539215686274 0.07986111111111112 0.1875 0.15972222222222224
261 0.9060968137254902 0.08496732026143791 0.17738970588235295 0.16993464052287582
258 0.10248161764705882 0.43647875816993464 0.20496323529411764 0.2732843137254902
258 0.29856004901960786 0.44464869281045755 0.19270833333333334 0.26348039215686275
261 0.4348958333333333 0.40808823529411764 0.1951593137254902 0.3300653594771242
261 0.6498161764705882 0.3964460784313726 0.2549019607843137 0.366421568627451
261 0.8736213235294118 0.3831699346405229 0.24724264705882354 0.4068627450980392
262 0.47610294117647056 0.8131127450980392 0.22732843137254902 0.366421568627451
262 0.6786151960784313 0.8133169934640523 0.2077205882352941 0.37336601307189543
262 0.8809742647058824 0.8114787581699346 0.2025122549019608 0.3631535947712418
260 0.28109681372549017 0.875 0.2025122549019608 0.25
260 0.10784313725490197 0.9113562091503268 0.21384803921568626 0.16993464052287582
256 0.3291973039215686 0.07577614379084968 0.14613970588235295 0.1482843137254902
256 0.07674632352941177 0.14910130718954248 0.1485906862745098 0.2949346405228758