67 0.12607230392156862 0.29820261437908496 0.08241421568627451 0.2900326797385621
67 0.22993259803921567 0.27818627450980393 0.1449142156862745 0.3300653594771242
68 0.4186580882352941 0.3498774509803922 0.13756127450980393 0.19975490196078433
68 0.5723039215686274 0.3263888888888889 0.15992647058823528 0.24673202614379086
69 0.06372549019607843 0.7046568627450981 0.12745098039215685 0.3366013071895425
70 0.24862132352941177 0.7914624183006537 0.3324142156862745 0.24305555555555555
70 0.27481617647058826 0.588031045751634 0.2702205882352941 0.14991830065359477
71 0.577359068627451 0.789828431372549 0.29993872549019607 0.21364379084967322
71 0.546109068627451 0.5780228758169935 0.21721813725490197 0.12336601307189543
72 0.7549019607843137 0.5831290849673203 0.18995098039215685 0.11968954248366014
72 0.8484987745098039 0.7148692810457516 0.26746323529411764 0.11683006535947713
736 0.7447916666666666 0.3431372549019608 0.1801470588235294 0.21323529411764708
736 0.914828431372549 0.3082107843137255 0.16482843137254902 0.29697712418300654
74 0.04733455882352941 0.31229575163398693 0.09283088235294118 0.27165032679738566