278 0.05744485294117647 0.24325980392156862 0.10508578431372549 0.4334150326797386
279 0.18229166666666666 0.2549019607843137 0.08517156862745098 0.4035947712418301
279 0.2611825980392157 0.25653594771241833 0.08241421568627451 0.4068627450980392
279 0.383578431372549 0.23488562091503268 0.0974264705882353 0.46977124183006536
279 0.4724264705882353 0.23488562091503268 0.0900735294117647 0.46977124183006536
280 0.5635723039215687 0.2332516339869281 0.10263480392156862 0.4665032679738562
280 0.6560968137254902 0.2332516339869281 0.09221813725490197 0.4665032679738562
280 0.8486519607843137 0.23488562091503268 0.10232843137254902 0.46977124183006536
280 0.9699754901960784 0.24489379084967322 0.06004901960784314 0.44321895424836605
284 0.3048406862745098 0.769812091503268 0.2849264705882353 0.4603758169934641
765 0.5885416666666666 0.7681781045751634 0.2775735294117647 0.4636437908496732
291 0.8648897058823529 0.7732843137254902 0.2702205882352941 0.4534313725490196
282 0.09160539215686274 0.7665441176470589 0.18137254901960784 0.46691176470588236
280 0.9172794117647058 0.2506127450980392 0.06004901960784314 0.43504901960784315