282 0.3415032679738562 0.4111519607843137 0.3431372549019608 0.3075980392156863
282 0.6580882352941176 0.39736519607843135 0.309640522875817 0.29473039215686275
283 0.09824346405228758 0.43121936274509803 0.19648692810457516 0.2974877450980392
284 0.9048202614379085 0.37224264705882354 0.19035947712418302 0.31495098039215685
285 0.11499183006535948 0.7873774509803921 0.22998366013071897 0.3547794117647059
282 0.38153594771241833 0.7435661764705882 0.25653594771241833 0.2824754901960784
282 0.6848447712418301 0.8086703431372549 0.38357843137254904 0.38265931372549017
277 0.1781045751633987 0.10110294117647059 0.11029411764705882 0.19730392156862744
286 0.2849264705882353 0.09865196078431372 0.10334967320261439 0.19730392156862744
286 0.4281045751633987 0.09114583333333333 0.08986928104575163 0.18229166666666666
286 0.5230800653594772 0.0899203431372549 0.10661764705882354 0.1798406862745098
286 0.6231617647058824 0.08363970588235294 0.11315359477124183 0.16727941176470587
279 0.8131127450980392 0.07996323529411764 0.09354575163398693 0.15502450980392157
279 0.9082924836601307 0.07368259803921569 0.09681372549019608 0.14736519607843138