287 0.08476307189542484 0.37745098039215685 0.13031045751633988 0.31004901960784315
287 0.20812908496732027 0.37362132352941174 0.12295751633986929 0.3177083333333333
287 0.3366013071895425 0.37224264705882354 0.12009803921568628 0.31495098039215685
288 0.4616013071895425 0.3673406862745098 0.12990196078431374 0.31985294117647056
288 0.5798611111111112 0.40609681372549017 0.10008169934640523 0.23743872549019607
288 0.6997549019607844 0.3547794117647059 0.13316993464052287 0.31985294117647056
289 0.8347630718954249 0.35860906862745096 0.1433823529411765 0.3226102941176471
289 0.9464869281045752 0.3460477941176471 0.10702614379084968 0.3275122549019608
280 0.04493464052287582 0.7824754901960784 0.08986928104575163 0.3449754901960784
280 0.13970588235294118 0.7824754901960784 0.12009803921568628 0.3449754901960784
280 0.25796568627450983 0.7837009803921569 0.10988562091503268 0.3474264705882353
280 0.38991013071895425 0.7636335784313726 0.10661764705882354 0.3226102941176471
280 0.4948937908496732 0.7660845588235294 0.10334967320261439 0.3275122549019608
290 0.6147875816993464 0.7798713235294118 0.12990196078431374 0.3648897058823529
290 0.8198529411764706 0.7948835784313726 0.17973856209150327 0.4102328431372549
290 0.9583333333333334 0.7835477941176471 0.08333333333333334 0.38265931372549017
290 0.7197712418300654 0.7754289215686274 0.08986928104575163 0.3737745098039216