290 0.22242647058823528 0.17994281045751634 0.09497549019607843 0.3598856209150327
290 0.3472732843137255 0.18831699346405228 0.10508578431372549 0.37663398692810457
290 0.4947916666666667 0.19158496732026145 0.0900735294117647 0.3831699346405229
290 0.577359068627451 0.19832516339869283 0.0897671568627451 0.39665032679738566
290 0.7859987745098039 0.20159313725490197 0.10753676470588235 0.40318627450980393
291 0.21997549019607843 0.6997549019607844 0.31495098039215685 0.5400326797385621
292 0.5310968137254902 0.7316176470588236 0.3177083333333333 0.5367647058823529
293 0.8462009803921569 0.741421568627451 0.3075980392156863 0.5098039215686274
280 0.04488357843137255 0.17647058823529413 0.0897671568627451 0.35294117647058826
280 0.1323529411764706 0.17830882352941177 0.0900735294117647 0.35661764705882354
290 0.42432598039215685 0.19158496732026145 0.058823529411764705 0.37990196078431376