73 0.07312091503267974 0.2735906862745098 0.13970588235294118 0.16727941176470587
74 0.32659313725490197 0.24601715686274508 0.19321895424836602 0.1875
74 0.576593137254902 0.22732843137254902 0.15318627450980393 0.1948529411764706
67 0.7116013071895425 0.20986519607843138 0.12990196078431374 0.2150735294117647
67 0.8815359477124183 0.18229166666666666 0.21650326797385622 0.24509803921568626
75 0.07495915032679738 0.5335477941176471 0.14991830065359477 0.25765931372549017
75 0.21977124183006536 0.5272671568627451 0.17973856209150327 0.2549019607843137
70 0.8498774509803921 0.41222426470588236 0.3002450980392157 0.10998774509803921
70 0.8598856209150327 0.5548406862745098 0.28022875816993464 0.16482843137254902
76 0.2881944444444445 0.7774203431372549 0.13684640522875818 0.1449142156862745
77 0.568218954248366 0.8149509803921569 0.2630718954248366 0.24509803921568626
78 0.8047385620915033 0.78125 0.2034313725490196 0.1875
69 0.6315359477124183 0.514859068627451 0.16993464052287582 0.2349877450980392
69 0.4180964052287582 0.5010723039215687 0.11642156862745098 0.1724877450980392
78 0.9507761437908497 0.7991727941176471 0.09844771241830065 0.2337622549019608