281 0.539828431372549 0.2630718954248366 0.0900735294117647 0.32679738562091504
281 0.733609068627451 0.21323529411764708 0.12775735294117646 0.42647058823529416
278 0.858609068627451 0.2232434640522876 0.12224264705882353 0.3999183006535948
277 0.07735906862745098 0.7765522875816994 0.15471813725490197 0.44689542483660133
277 0.2423406862745098 0.7814542483660131 0.11519607843137254 0.43709150326797386
277 0.35860906862745096 0.7814542483660131 0.1173406862745098 0.43709150326797386
277 0.4698223039215686 0.7814542483660131 0.11488970588235294 0.4297385620915033
277 0.5810355392156863 0.7814542483660131 0.11243872549019608 0.43709150326797386
277 0.6723345588235294 0.789828431372549 0.0897671568627451 0.42034313725490197
278 0.7847732843137255 0.7998366013071896 0.10508578431372549 0.40032679738562094
278 0.9111519607843137 0.798202614379085 0.11764705882352941 0.4035947712418301
766 0.07598039215686274 0.21486928104575165 0.12254901960784313 0.4297385620915033
766 0.22977941176470587 0.22140522875816995 0.0900735294117647 0.41013071895424835
766 0.321078431372549 0.21160130718954248 0.11764705882352941 0.42320261437908496
278 0.9505208333333334 0.2238562091503268 0.09895833333333333 0.41830065359477125