68 0.1329656862745098 0.17493872549019607 0.1801470588235294 0.15502450980392157
68 0.3431372549019608 0.14613970588235295 0.24673202614379086 0.21262254901960784
71 0.34477124183006536 0.5361519607843137 0.42320261437908496 0.16237745098039216
71 0.38480392156862747 0.38235294117647056 0.309640522875817 0.10477941176470588
72 0.6913807189542484 0.38112745098039214 0.27001633986928103 0.0974264705882353
72 0.7565359477124183 0.4810049019607843 0.37990196078431376 0.09252450980392157
79 0.4581290849673203 0.7573529411764706 0.1433823529411765 0.16482843137254902
79 0.6348039215686274 0.7924325980392157 0.22303921568627452 0.23988970588235295
79 0.8480392156862745 0.789828431372549 0.2034313725490196 0.24019607843137256
736 0.5964052287581699 0.1636029411764706 0.25326797385620914 0.17769607843137256
736 0.8631535947712419 0.12867647058823528 0.27369281045751637 0.2426470588235294
78 0.21466503267973858 0.7985600490196079 0.23651960784313728 0.23253676470588236