303 0.9160539215686274 0.16156045751633988 0.16237745098039216 0.32312091503267976
304 0.32598039215686275 0.7116013071895425 0.12745098039215685 0.5767973856209151
304 0.4635416666666667 0.7083333333333334 0.1323529411764706 0.5833333333333334
305 0.5572916666666666 0.7081290849673203 0.05514705882352941 0.38357843137254904
305 0.6234681372549019 0.7097630718954249 0.09252450980392157 0.3868464052287582
305 0.7285539215686274 0.7116013071895425 0.11764705882352941 0.42320261437908496
306 0.858609068627451 0.7081290849673203 0.12224264705882353 0.3770424836601307
311 0.08731617647058823 0.1482843137254902 0.14522058823529413 0.2965686274509804
311 0.20986519607843138 0.14644607843137256 0.09987745098039215 0.2928921568627451
311 0.30974264705882354 0.14991830065359477 0.09497549019607843 0.29983660130718953
311 0.39736519607843135 0.15318627450980393 0.08026960784313725 0.30637254901960786
311 0.4924938725490196 0.1548202614379085 0.10998774509803921 0.309640522875817
307 0.04733455882352941 0.7022058823529412 0.09283088235294118 0.4215686274509804