304 0.12990196078431374 0.20159313725490197 0.12009803921568628 0.40318627450980393
304 0.2512254901960784 0.1948529411764706 0.12745098039215685 0.3897058823529412
305 0.4085477941176471 0.2363153594771242 0.07751225490196079 0.306781045751634
305 0.48360906862745096 0.2363153594771242 0.07751225490196079 0.3133169934640523
305 0.5637254901960784 0.21629901960784315 0.09252450980392157 0.3533496732026144
305 0.6372549019607843 0.24816176470588236 0.06004901960784314 0.28308823529411764
306 0.7797181372549019 0.19648692810457516 0.125 0.3929738562091503
306 0.9109987745098039 0.1948529411764706 0.13756127450980393 0.3897058823529412
308 0.05116421568627451 0.7348856209150327 0.10232843137254902 0.4901960784313726
308 0.16115196078431374 0.7314133986928105 0.12745098039215685 0.47671568627450983
309 0.31234681372549017 0.7865604575163399 0.14981617647058823 0.3868464052287582
309 0.4322916666666667 0.7665441176470589 0.09497549019607843 0.3598856209150327
310 0.5686274509803921 0.7181372549019608 0.0974264705882353 0.2900326797385621
310 0.6810661764705882 0.7579656862745098 0.12745098039215685 0.35008169934640526
310 0.7985600490196079 0.7248774509803921 0.10753676470588235 0.30351307189542487
310 0.9247855392156863 0.7397875816993464 0.1449142156862745 0.33986928104575165
306 0.6942401960784313 0.23059640522875818 0.056372549019607844 0.34191176470588236