312 0.0585171568627451 0.24162581699346405 0.09252450980392157 0.3901143790849673
312 0.1560968137254902 0.23794934640522877 0.10263480392156862 0.3901143790849673
311 0.2660845588235294 0.24979575163398693 0.10753676470588235 0.3737745098039216
311 0.3598345588235294 0.28145424836601307 0.07996323529411764 0.3300653594771242
311 0.4410232843137255 0.28308823529411764 0.08241421568627451 0.32026143790849676
311 0.5211397058823529 0.28145424836601307 0.08272058823529412 0.3235294117647059
311 0.608609068627451 0.24489379084967322 0.09221813725490197 0.39665032679738566
313 0.7037377450980392 0.34824346405228757 0.0625 0.19648692810457516
313 0.7737438725490196 0.33639705882352944 0.07751225490196079 0.2201797385620915
303 0.9537377450980392 0.25306372549019607 0.09252450980392157 0.3999183006535948
307 0.1948529411764706 0.7214052287581699 0.09497549019607843 0.3431372549019608
307 0.28370098039215685 0.7148692810457516 0.05759803921568627 0.2900326797385621
304 0.48238357843137253 0.7665441176470589 0.10018382352941177 0.46691176470588236
304 0.5935968137254902 0.7632761437908497 0.10753676470588235 0.4734477124183007
305 0.7035845588235294 0.7246732026143791 0.07751225490196079 0.3366013071895425
305 0.7947303921568627 0.7381535947712419 0.09497549019607843 0.36356209150326796
306 0.9060968137254902 0.7230392156862745 0.0977328431372549 0.32679738562091504
303 0.8462009803921569 0.3331290849673203 0.06740196078431372 0.2201797385620915
307 0.3285845588235294 0.7281454248366013 0.03768382352941176 0.3198529411764706