316 0.06985294117647059 0.3147467320261438 0.13970588235294118 0.30351307189542487
316 0.21875 0.3198529411764706 0.1875 0.29983660130718953
317 0.3935355392156863 0.3298611111111111 0.1724877450980392 0.3002450980392157
317 0.5647977941176471 0.3314950980392157 0.17003676470588236 0.30351307189542487
317 0.7322303921568627 0.33476307189542487 0.18504901960784315 0.30351307189542487
318 0.8923100490196079 0.35804738562091504 0.17003676470588236 0.27001633986928103
2 0.06985294117647059 0.8382352941176471 0.13970588235294118 0.3235294117647059
2 0.2110906862745098 0.8398692810457516 0.17769607843137256 0.32026143790849676
3 0.38112745098039214 0.8366013071895425 0.1875 0.32679738562091504
3 0.5649509803921569 0.8366013071895425 0.18504901960784315 0.32679738562091504
3 0.7435661764705882 0.8382352941176471 0.19240196078431374 0.3235294117647059
314 0.8949142156862745 0.8566176470588236 0.15502450980392157 0.286764705882353