318 0.10334967320261439 0.13495710784313725 0.20669934640522877 0.20006127450980393
1 0.8082107843137255 0.11871936274509803 0.27001633986928103 0.23743872549019607
319 0.3133169934640523 0.546109068627451 0.25326797385620914 0.26256127450980393
319 0.5649509803921569 0.5485600490196079 0.25653594771241833 0.25765931372549017
320 0.8333333333333334 0.5361519607843137 0.29330065359477125 0.2775735294117647
6 0.1781045751633987 0.8811274509803921 0.2769607843137255 0.23774509803921567
7 0.4497549019607843 0.8811274509803921 0.27369281045751637 0.23774509803921567
7 0.7181372549019608 0.8786764705882353 0.2834967320261438 0.2426470588235294
7 0.9199346405228759 0.8786764705882353 0.16013071895424838 0.2426470588235294
769 0.3249591503267974 0.13740808823529413 0.23651960784313728 0.20986519607843138
769 0.5582107843137255 0.13112745098039216 0.23651960784313728 0.21752450980392157
314 0.09824346405228758 0.5448835784313726 0.19648692810457516 0.2650122549019608