1 0.32802287581699346 0.09497549019607843 0.25 0.18995098039215685
1 0.5798611111111112 0.09375 0.2602124183006536 0.1875
1 0.8314950980392157 0.09114583333333333 0.26348039215686275 0.18229166666666666
319 0.09987745098039216 0.5124080882352942 0.19975490196078433 0.2601102941176471
320 0.32822712418300654 0.49862132352941174 0.2569444444444445 0.28768382352941174
320 0.5863970588235294 0.49724264705882354 0.2667483660130719 0.2800245098039216
320 0.854983660130719 0.4947916666666667 0.2900326797385621 0.2800245098039216
7 0.20322712418300654 0.858609068627451 0.2667483660130719 0.28278186274509803
7 0.46629901960784315 0.8573835784313726 0.2732843137254902 0.2852328431372549
321 0.7165032679738562 0.8472732843137255 0.25980392156862747 0.2901348039215686
769 0.10334967320261439 0.0974264705882353 0.20669934640522877 0.1948529411764706
321 0.9256535947712419 0.8599877450980392 0.14869281045751634 0.2800245098039216