325 0.0822610294117647 0.3480392156862745 0.1449142156862745 0.37663398692810457
325 0.2311580882352941 0.34824346405228757 0.14736519607843138 0.3631535947712418
325 0.3760723039215686 0.3498774509803922 0.14246323529411764 0.366421568627451
325 0.5197610294117647 0.35641339869281047 0.1400122549019608 0.366421568627451
325 0.6609987745098039 0.35641339869281047 0.13756127450980393 0.3598856209150327
325 0.8010110294117647 0.3596813725490196 0.13756127450980393 0.3533496732026144
325 0.9111519607843137 0.38480392156862747 0.08762254901960784 0.309640522875817
325 0.17371323529411764 0.8198529411764706 0.15747549019607843 0.3602941176470588
325 0.3249080882352941 0.8214869281045752 0.14981617647058823 0.3570261437908497
325 0.4698223039215686 0.8198529411764706 0.1400122549019608 0.3602941176470588
325 0.6110600490196079 0.8198529411764706 0.14246323529411764 0.3602941176470588
325 0.7573529411764706 0.8214869281045752 0.13970588235294118 0.3570261437908497
325 0.8985906862745098 0.8214869281045752 0.14276960784313725 0.3570261437908497
325 0.9774816176470588 0.3831699346405229 0.04503676470588235 0.33333333333333337