326 0.09824346405228758 0.31495098039215685 0.14991830065359477 0.31004901960784315
326 0.24489379084967322 0.3174019607843137 0.1433823529411765 0.3051470588235294
326 0.3796977124183007 0.3161764705882353 0.14665032679738563 0.3075980392156863
326 0.5214460784313726 0.3161764705882353 0.1433823529411765 0.3075980392156863
327 0.6597222222222222 0.3985906862745098 0.13316993464052287 0.13725490196078433
327 0.6548202614379085 0.2611825980392157 0.12990196078431374 0.13756127450980393
327 0.7914624183006537 0.3947610294117647 0.13684640522875818 0.13511029411764705
327 0.7730800653594772 0.2774203431372549 0.11315359477124183 0.10508578431372549
327 0.9248366013071896 0.3947610294117647 0.1503267973856209 0.13511029411764705
327 0.9097222222222222 0.258578431372549 0.15359477124183007 0.13725490196078433
328 0.16319444444444445 0.8423713235294118 0.1736111111111111 0.2552083333333333
328 0.04656862745098039 0.8423713235294118 0.09313725490196079 0.2552083333333333
328 0.3263888888888889 0.8435968137254902 0.17320261437908496 0.25765931372549017
328 0.49468954248366015 0.8474264705882353 0.16993464052287582 0.2549019607843137
328 0.7798202614379085 0.8511029411764706 0.18627450980392157 0.2622549019607843
328 0.9264705882352942 0.8511029411764706 0.14705882352941177 0.2622549019607843
328 0.6337826797385621 0.8285845588235294 0.1417483660130719 0.23743872549019607