326 0.061478758169934644 0.2660845588235294 0.12295751633986929 0.3226102941176471
327 0.17973856209150327 0.3635110294117647 0.12663398692810457 0.14246323529411764
327 0.2048611111111111 0.21982230392156862 0.15645424836601307 0.1449142156862745
327 0.31495098039215685 0.3635110294117647 0.12990196078431374 0.14246323529411764
327 0.4448529411764706 0.36473651960784315 0.12990196078431374 0.1400122549019608
327 0.5814950980392157 0.3635110294117647 0.13684640522875818 0.14246323529411764
327 0.7165032679738562 0.36611519607843135 0.13970588235294118 0.14276960784313725
327 0.8431372549019608 0.3760723039215686 0.10702614379084968 0.1173406862745098
327 0.9448529411764706 0.37362132352941174 0.11029411764705882 0.12224264705882353
327 0.3415032679738562 0.23728553921568626 0.11029411764705882 0.10998774509803921
327 0.4581290849673203 0.22104779411764705 0.13031045751633988 0.14736519607843138
327 0.5798611111111112 0.2385110294117647 0.11315359477124183 0.10753676470588235
327 0.693218954248366 0.2385110294117647 0.12663398692810457 0.11243872549019608
327 0.8165849673202614 0.25107230392156865 0.13316993464052287 0.13756127450980393
327 0.9348447712418301 0.24862132352941177 0.13031045751633988 0.1326593137254902
328 0.2397875816993464 0.8336397058823529 0.17320261437908496 0.27267156862745096
328 0.4115604575163399 0.8322610294117647 0.17687908496732027 0.2699142156862745
328 0.5782271241830066 0.8123468137254902 0.14991830065359477 0.24479166666666666
325 0.7730800653594772 0.8299632352941176 0.2201797385620915 0.2849264705882353
325 0.9332107843137255 0.8135723039215687 0.13357843137254902 0.23743872549019607
328 0.1337826797385621 0.811734068627451 0.1017156862745098 0.2337622549019608