327 0.13827614379084968 0.05621936274509804 0.13684640522875818 0.11243872549019608
327 0.2798202614379085 0.05621936274509804 0.13970588235294118 0.11243872549019608
327 0.4229983660130719 0.05499387254901961 0.14665032679738563 0.10998774509803921
327 0.5680147058823529 0.05621936274509804 0.1433823529411765 0.11243872549019608
327 0.7148692810457516 0.05499387254901961 0.13643790849673204 0.10998774509803921
327 0.8396650326797386 0.059895833333333336 0.10661764705882354 0.10018382352941177
327 0.9464869281045752 0.057291666666666664 0.10702614379084968 0.09987745098039215
328 0.2332516339869281 0.5235906862745098 0.16666666666666669 0.2426470588235294
328 0.4013480392156863 0.5235906862745098 0.17687908496732027 0.2426470588235294
328 0.5647467320261438 0.5235906862745098 0.14991830065359477 0.21752450980392157
325 0.7581699346405228 0.5061274509803921 0.2034313725490196 0.2622549019607843
325 0.9097222222222222 0.5174632352941176 0.11356209150326797 0.21997549019607843
325 0.06495098039215687 0.8612132352941176 0.12990196078431374 0.2775735294117647
325 0.2113970588235294 0.8599877450980392 0.18995098039215688 0.2800245098039216
325 0.3997140522875817 0.8560049019607843 0.19321895424836602 0.2824754901960784
325 0.5915032679738562 0.858609068627451 0.18300653594771243 0.28278186274509803
325 0.7430555555555556 0.8160232843137255 0.13316993464052287 0.23743872549019607
325 0.8848039215686275 0.8172487745098039 0.16339869281045752 0.23008578431372548
328 0.12050653594771242 0.5324754901960784 0.08823529411764706 0.21997549019607843