329 0.03125 0.19812091503267976 0.0625 0.3897058823529412
329 0.10355392156862744 0.20322712418300654 0.0974264705882353 0.3999183006535948
329 0.20113357843137256 0.1948529411764706 0.0977328431372549 0.3897058823529412
329 0.29993872549019607 0.19321895424836602 0.09987745098039215 0.38643790849673204
329 0.4024203431372549 0.1948529411764706 0.10508578431372549 0.3897058823529412
329 0.5073529411764706 0.1948529411764706 0.11029411764705882 0.3897058823529412
329 0.6161151960784313 0.19158496732026145 0.11274509803921569 0.3831699346405229
329 0.7247242647058824 0.19648692810457516 0.10998774509803921 0.36683006535947715
326 0.8186274509803921 0.22303921568627452 0.09252450980392157 0.29983660130718953
326 0.9111519607843137 0.21977124183006536 0.10232843137254902 0.29983660130718953
330 0.05361519607843137 0.7448937908496732 0.10723039215686274 0.48978758169934644
330 0.15732230392156862 0.7481617647058824 0.10998774509803921 0.48978758169934644
330 0.27236519607843135 0.75 0.12009803921568628 0.5
330 0.3874080882352941 0.7497957516339869 0.10998774509803921 0.4930555555555556
330 0.5024509803921569 0.7481617647058824 0.12009803921568628 0.5036764705882353
330 0.6299019607843137 0.7448937908496732 0.125 0.5102124183006536
330 0.7472426470588235 0.7465277777777778 0.125 0.5069444444444444
330 0.8497242647058824 0.7565359477124183 0.10998774509803921 0.4869281045751634
330 0.9486825980392156 0.7516339869281046 0.10263480392156862 0.49673202614379086