331 0.05238970588235294 0.8080065359477124 0.10477941176470588 0.2900326797385621
331 0.16099877450980393 0.8080065359477124 0.10753676470588235 0.2900326797385621
331 0.2660845588235294 0.8098447712418301 0.10753676470588235 0.2863562091503268
331 0.3760723039215686 0.8415032679738562 0.11243872549019608 0.31699346405228757
331 0.49494485294117646 0.8396650326797386 0.11488970588235294 0.3133169934640523
331 0.608609068627451 0.8398692810457516 0.11243872549019608 0.32026143790849676
331 0.7222732843137255 0.8415032679738562 0.10998774509803921 0.31699346405228757
331 0.8011642156862745 0.8082107843137255 0.06740196078431372 0.27655228758169936
331 0.883578431372549 0.8114787581699346 0.0974264705882353 0.27001633986928103
331 0.9661458333333334 0.8049428104575164 0.06770833333333333 0.27655228758169936
330 0.05499387254901961 0.3098447712418301 0.10998774509803921 0.5200163398692811
330 0.17493872549019607 0.3131127450980392 0.125 0.5200163398692811
330 0.3011642156862745 0.3098447712418301 0.12745098039215685 0.5200163398692811
330 0.42861519607843135 0.31638071895424835 0.12254901960784313 0.5200163398692811
330 0.5511642156862745 0.31964869281045755 0.12254901960784313 0.5200163398692811
330 0.6723345588235294 0.3214869281045752 0.13020833333333334 0.5098039215686274
330 0.7973345588235294 0.3263888888888889 0.11979166666666667 0.5130718954248367
330 0.9286151960784313 0.318014705882353 0.14276960784313725 0.516748366013072