332 0.14154411764705882 0.24111519607843138 0.17687908496732027 0.3327205882352941
332 0.30637254901960786 0.24601715686274508 0.17320261437908496 0.33762254901960786
329 0.47303921568627455 0.2498468137254902 0.16013071895424838 0.32996323529411764
329 0.6299019607843137 0.25474877450980393 0.15359477124183007 0.32996323529411764
329 0.7749183006535948 0.25597426470588236 0.16339869281045752 0.3275122549019608
329 0.9215686274509804 0.2611825980392157 0.1568627450980392 0.3226102941176471
330 0.061478758169934644 0.7372855392156863 0.12295751633986929 0.45496323529411764
330 0.20302287581699346 0.7285539215686274 0.17973856209150327 0.4074754901960784
330 0.39133986928104575 0.7423406862745098 0.1968954248366013 0.45526960784313725
330 0.5863970588235294 0.7397365196078431 0.1801470588235294 0.45496323529411764
330 0.7730800653594772 0.7385110294117647 0.18668300653594772 0.4525122549019608
330 0.9283088235294118 0.7423406862745098 0.1433823529411765 0.4497549019607843
332 0.04330065359477124 0.23621323529411764 0.08333333333333334 0.3400735294117647