332 0.05147058823529412 0.28109681372549017 0.10294117647058824 0.3072916666666667
332 0.19301470588235295 0.27481617647058826 0.18668300653594772 0.31495098039215685
332 0.3631535947712418 0.26746323529411764 0.14705882352941177 0.31495098039215685
332 0.5181781045751634 0.2611825980392157 0.16299019607843138 0.3275122549019608
332 0.6713643790849674 0.25474877450980393 0.17687908496732027 0.32506127450980393
331 0.09313725490196079 0.6737132352941176 0.11356209150326797 0.1525735294117647
331 0.04493464052287582 0.8435968137254902 0.08986928104575163 0.18229166666666666
331 0.15318627450980393 0.8385416666666666 0.12663398692810457 0.1875
331 0.19158496732026145 0.671109068627451 0.07679738562091504 0.15778186274509803
331 0.28982843137254904 0.6674325980392157 0.14011437908496732 0.17493872549019607
331 0.28982843137254904 0.858609068627451 0.14011437908496732 0.2025122549019608
330 0.45792483660130723 0.7398897058823529 0.16993464052287582 0.43504901960784315
330 0.6147875816993464 0.7323835784313726 0.1568627450980392 0.3998161764705882
330 0.8415032679738562 0.7372855392156863 0.22303921568627452 0.44515931372549017
329 0.8415032679738562 0.25107230392156865 0.1968954248366013 0.3324142156862745
329 0.9491421568627452 0.24433210784313725 0.1017156862745098 0.32628676470588236
330 0.9564950980392157 0.7323835784313726 0.08700980392156862 0.4525122549019608