332 0.2774203431372549 0.24305555555555555 0.07996323529411764 0.32679738562091504
332 0.3673406862745098 0.21977124183006536 0.0900735294117647 0.37990196078431376
332 0.4647671568627451 0.22140522875816995 0.09987745098039215 0.37663398692810457
332 0.5623468137254902 0.22630718954248366 0.10018382352941177 0.36683006535947715
332 0.6622242647058824 0.22630718954248366 0.10998774509803921 0.37336601307189543
332 0.7798713235294118 0.2297794117647059 0.11979166666666667 0.3533496732026144
332 0.8910845588235294 0.22630718954248366 0.12224264705882353 0.36683006535947715
331 0.09849877450980392 0.6913807189542484 0.10753676470588235 0.20302287581699346
331 0.07123161764705882 0.8982843137254902 0.10753676470588235 0.2034313725490196
331 0.1723345588235294 0.8982843137254902 0.10508578431372549 0.2034313725490196
331 0.27481617647058826 0.894812091503268 0.10477941176470588 0.21037581699346405
331 0.37346813725490197 0.8964460784313726 0.09252450980392157 0.20710784313725492
331 0.4661458333333333 0.8931781045751634 0.08731617647058823 0.21364379084967322
331 0.5560661764705882 0.8915441176470589 0.09252450980392157 0.21691176470588236
331 0.6461397058823529 0.8915441176470589 0.0974264705882353 0.21691176470588236
331 0.7573529411764706 0.8931781045751634 0.12009803921568628 0.21364379084967322
331 0.19868259803921567 0.6897467320261438 0.11243872549019608 0.20629084967320263
331 0.2973345588235294 0.6913807189542484 0.0897671568627451 0.18995098039215688
331 0.38848039215686275 0.6930147058823529 0.09252450980392157 0.19321895424836602
331 0.47487745098039214 0.701388888888889 0.07475490196078431 0.16993464052287582
331 0.5548406862745098 0.6964869281045751 0.08517156862745098 0.17973856209150327
331 0.6348039215686274 0.6948529411764706 0.08517156862745098 0.17647058823529413
331 0.7473958333333334 0.6830065359477124 0.11488970588235294 0.20016339869281047
330 0.8673406862745098 0.7632761437908497 0.12990196078431374 0.4734477124183007
330 0.9448529411764706 0.7663398692810458 0.09497549019607843 0.4534313725490196