331 0.04871323529411765 0.3047385620915033 0.0974264705882353 0.21650326797385622
331 0.14981617647058823 0.3047385620915033 0.11519607843137254 0.2099673202614379
331 0.2536764705882353 0.32659313725490197 0.08762254901960784 0.19321895424836602
331 0.34987745098039214 0.33476307189542487 0.09497549019607843 0.19648692810457516
331 0.44224877450980393 0.35641339869281047 0.07996323529411764 0.15318627450980393
331 0.5197610294117647 0.35151143790849676 0.07996323529411764 0.17034313725490197
331 0.5972732843137255 0.35314542483660133 0.07996323529411764 0.1736111111111111
331 0.7072610294117647 0.3214869281045752 0.10508578431372549 0.2034313725490196
331 0.03860294117647059 0.5098039215686274 0.07720588235294118 0.20016339869281047
331 0.1248468137254902 0.5163398692810458 0.10018382352941177 0.21323529411764708
331 0.22870710784313725 0.5163398692810458 0.11243872549019608 0.21323529411764708
331 0.3324142156862745 0.5214460784313726 0.0900735294117647 0.18995098039215688
331 0.4223345588235294 0.5230800653594772 0.0897671568627451 0.19321895424836602
331 0.5098039215686274 0.5247140522875817 0.0900735294117647 0.18995098039215688
331 0.5986519607843137 0.5230800653594772 0.09252450980392157 0.19321895424836602
331 0.7084865196078431 0.5214460784313726 0.11243872549019608 0.20302287581699346
330 0.8236825980392157 0.39133986928104575 0.10753676470588235 0.45669934640522875
330 0.9073223039215687 0.4115604575163399 0.0701593137254902 0.43014705882352944
331 0.06740196078431372 0.8598856209150327 0.11519607843137254 0.28022875816993464
331 0.18612132352941177 0.8615196078431373 0.12224264705882353 0.2769607843137255
331 0.29488357843137253 0.846609477124183 0.0897671568627451 0.2798202614379085
331 0.3910845588235294 0.846609477124183 0.0977328431372549 0.2798202614379085
331 0.48743872549019607 0.8247549019607844 0.0900735294117647 0.25
331 0.5911458333333334 0.8498774509803921 0.10263480392156862 0.2798202614379085
331 0.6911764705882353 0.8498774509803921 0.0974264705882353 0.2798202614379085
331 0.7873774509803921 0.8482434640522876 0.09497549019607843 0.27655228758169936
331 0.8823529411764706 0.8498774509803921 0.09497549019607843 0.2798202614379085
331 0.9661458333333334 0.846609477124183 0.06770833333333333 0.2667483660130719