336 0.047487745098039214 0.34477124183006536 0.09497549019607843 0.3031045751633987
336 0.13725490196078433 0.346609477124183 0.09497549019607843 0.306781045751634
336 0.22977941176470587 0.34824346405228757 0.09987745098039215 0.30351307189542487
336 0.3235294117647059 0.34824346405228757 0.09252450980392157 0.30351307189542487
336 0.414828431372549 0.346609477124183 0.0900735294117647 0.306781045751634
336 0.49494485294117646 0.3533496732026144 0.07506127450980392 0.29330065359477125
336 0.577359068627451 0.35151143790849676 0.0897671568627451 0.30351307189542487
336 0.6573223039215687 0.35151143790849676 0.07996323529411764 0.27655228758169936
336 0.7423406862745098 0.3533496732026144 0.09497549019607843 0.29330065359477125
338 0.2386642156862745 0.8415032679738562 0.09252450980392157 0.3031045751633987
338 0.3310355392156863 0.8366013071895425 0.08241421568627451 0.29330065359477125
338 0.41360294117647056 0.8314950980392157 0.08762254901960784 0.29697712418300654
338 0.5073529411764706 0.818218954248366 0.0900735294117647 0.2900326797385621
338 0.6011029411764706 0.8331290849673203 0.08272058823529412 0.306781045751634
338 0.6910232843137255 0.8398692810457516 0.08241421568627451 0.29983660130718953
338 0.9099264705882353 0.8082107843137255 0.09987745098039215 0.28308823529411764
338 0.1798406862745098 0.8214869281045752 0.05759803921568627 0.25980392156862747
338 0.02466299019607843 0.826388888888889 0.047487745098039214 0.2900326797385621