340 0.11366421568627451 0.3480392156862745 0.10232843137254902 0.4632352941176471
340 0.21354166666666666 0.3547794117647059 0.0974264705882353 0.4562908496732026
340 0.3048406862745098 0.35641339869281047 0.0900735294117647 0.45302287581699346
340 0.39736519607843135 0.3547794117647059 0.0900735294117647 0.4497549019607843
340 0.49111519607843135 0.38133169934640526 0.08272058823529412 0.40318627450980393
341 0.6260723039215687 0.3915441176470588 0.07751225490196079 0.3901143790849673
341 0.7248774509803921 0.366421568627451 0.09497549019607843 0.43300653594771243
341 0.8098958333333334 0.3680555555555556 0.07996323529411764 0.42320261437908496
341 0.8936887254901961 0.3680555555555556 0.09252450980392157 0.4297385620915033
339 0.05116421568627451 0.8964460784313726 0.10232843137254902 0.19975490196078433
339 0.15854779411764705 0.8931781045751634 0.1173406862745098 0.21364379084967322
339 0.26731004901960786 0.8964460784313726 0.10998774509803921 0.20710784313725492
339 0.37484681372549017 0.8931781045751634 0.10508578431372549 0.21364379084967322
339 0.47610294117647056 0.8915441176470589 0.10232843137254902 0.21691176470588236
339 0.577359068627451 0.8815359477124183 0.10508578431372549 0.23692810457516342
339 0.6623774509803921 0.8596813725490197 0.08517156862745098 0.2332516339869281
339 0.7360600490196079 0.8398692810457516 0.07261029411764706 0.20016339869281047
339 0.8111213235294118 0.8382352941176471 0.08241421568627451 0.2034313725490196
339 0.8961397058823529 0.8349673202614379 0.08272058823529412 0.2099673202614379
339 0.9730392156862745 0.8580473856209151 0.05392156862745098 0.2267156862745098