84 0.07495915032679738 0.1173406862745098 0.14991830065359477 0.15502450980392157
85 0.2397875816993464 0.09497549019607843 0.19362745098039216 0.18504901960784315
85 0.4348447712418301 0.09865196078431372 0.19648692810457516 0.17769607843137256
86 0.6264297385620915 0.08746936274509803 0.19321895424836602 0.17493872549019607
86 0.8231209150326798 0.08746936274509803 0.20669934640522877 0.17493872549019607
83 0.1366421568627451 0.5222120098039216 0.2732843137254902 0.1400122549019608
83 0.1366421568627451 0.3785232843137255 0.2732843137254902 0.14736519607843138
82 0.1431781045751634 0.7084865196078431 0.2863562091503268 0.10753676470588235
82 0.14644607843137256 0.8123468137254902 0.2928921568627451 0.11488970588235294
82 0.12663398692810457 0.9286151960784313 0.25326797385620914 0.11764705882352941
80 0.4397467320261438 0.727328431372549 0.306781045751634 0.12009803921568628
80 0.4348447712418301 0.8985906862745098 0.35008169934640526 0.16727941176470587
80 0.7881944444444444 0.9149816176470588 0.3631535947712418 0.1400122549019608
80 0.8065767973856209 0.8137254901960784 0.3868464052287582 0.12745098039215685
80 0.8065767973856209 0.7097120098039216 0.3868464052287582 0.10998774509803921
737 0.4215686274509804 0.5335477941176471 0.3431372549019608 0.11243872549019608
737 0.4180964052287582 0.39246323529411764 0.29697712418300654 0.125
737 0.769812091503268 0.5310968137254902 0.3533496732026144 0.11243872549019608
737 0.769812091503268 0.42110906862745096 0.3737745098039216 0.1173406862745098
737 0.7630718954248367 0.31112132352941174 0.37336601307189543 0.12224264705882353