342 0.05744485294117647 0.23161764705882354 0.11488970588235294 0.3700980392156863
342 0.21721813725490197 0.24468954248366015 0.09497549019607843 0.3700980392156863
342 0.3010110294117647 0.25796568627450983 0.08241421568627451 0.35008169934640526
342 0.38112745098039214 0.2581699346405229 0.08762254901960784 0.3570261437908497
342 0.45986519607843135 0.2616421568627451 0.08026960784313725 0.35008169934640526
342 0.5386029411764706 0.26981209150326796 0.07720588235294118 0.34681372549019607
343 0.6272977941176471 0.25306372549019607 0.10998774509803921 0.3868464052287582
343 0.733609068627451 0.2581699346405229 0.10753676470588235 0.3831699346405229
343 0.8285845588235294 0.2681781045751634 0.11243872549019608 0.3770424836601307
343 0.9261642156862745 0.2749183006535948 0.11764705882352941 0.37663398692810457
340 0.07598039215686274 0.8014705882352942 0.12254901960784313 0.3970588235294118
340 0.1760110294117647 0.8049428104575164 0.10753676470588235 0.3901143790849673
340 0.2699142156862745 0.8033088235294118 0.09987745098039215 0.39338235294117646
341 0.5099571078431373 0.8149509803921569 0.07506127450980392 0.3700980392156863
341 0.5949754901960784 0.8098447712418301 0.09497549019607843 0.3803104575163399
341 0.6773897058823529 0.8098447712418301 0.0900735294117647 0.3803104575163399
341 0.7598039215686274 0.8133169934640523 0.09987745098039215 0.37336601307189543
341 0.9111519607843137 0.8149509803921569 0.10232843137254902 0.3700980392156863
342 0.14246323529411764 0.24550653594771243 0.08762254901960784 0.37173202614379086