342 0.04488357843137255 0.1948529411764706 0.0897671568627451 0.3700980392156863
343 0.23606004901960784 0.18647875816993464 0.11243872549019608 0.3729575163398693
343 0.3448223039215686 0.19158496732026145 0.11488970588235294 0.3831699346405229
343 0.4535845588235294 0.19321895424836602 0.11243872549019608 0.38643790849673204
343 0.5598958333333334 0.19158496732026145 0.10998774509803921 0.3831699346405229
343 0.6773897058823529 0.18995098039215688 0.125 0.37990196078431376
343 0.7987132352941176 0.19321895424836602 0.12254901960784313 0.38643790849673204
343 0.9486825980392156 0.22140522875816995 0.10263480392156862 0.3366013071895425
341 0.05744485294117647 0.7765522875816994 0.10998774509803921 0.44689542483660133
341 0.14981617647058823 0.7781862745098039 0.10477941176470588 0.4436274509803922
341 0.23238357843137256 0.7781862745098039 0.0897671568627451 0.4436274509803922
341 0.40487132352941174 0.7814542483660131 0.0897671568627451 0.43709150326797386
341 0.4886642156862745 0.7798202614379085 0.08762254901960784 0.440359477124183
341 0.5761335784313726 0.7814542483660131 0.08731617647058823 0.43709150326797386
341 0.7861519607843137 0.7881944444444444 0.0974264705882353 0.4236111111111111
331 0.8710171568627451 0.684640522875817 0.0974264705882353 0.2099673202614379
331 0.8849571078431372 0.894812091503268 0.10508578431372549 0.21037581699346405
331 0.9486825980392156 0.6930147058823529 0.07261029411764706 0.19321895424836602
343 0.12990196078431374 0.18831699346405228 0.11519607843137254 0.37663398692810457
331 0.9655330882352942 0.8923611111111112 0.06893382352941177 0.2152777777777778
343 0.8774509803921569 0.21977124183006536 0.07230392156862744 0.33333333333333337