328 0.05494281045751634 0.08869485294117647 0.10988562091503268 0.17738970588235295
328 0.19138071895424838 0.09114583333333333 0.17687908496732027 0.18229166666666666
328 0.4564950980392157 0.09620098039215687 0.14665032679738563 0.19240196078431374
328 0.3331290849673203 0.0974264705882353 0.11315359477124183 0.18504901960784315
328 0.5947712418300654 0.09987745098039215 0.13643790849673204 0.1997549019607843
328 0.713031045751634 0.11228553921568628 0.10008169934640523 0.17493872549019607
325 0.8848039215686275 0.10370710784313725 0.16993464052287582 0.2074142156862745
325 0.1198937908496732 0.3723958333333333 0.1736111111111111 0.23008578431372548
325 0.28656045751633985 0.3760723039215686 0.15972222222222224 0.2227328431372549
325 0.4348447712418301 0.37745098039215685 0.1433823529411765 0.2150735294117647
325 0.5847630718954249 0.3772977941176471 0.1433823529411765 0.20986519607843138
325 0.7248774509803921 0.38112745098039214 0.1433823529411765 0.19730392156862744
325 0.9064542483660131 0.3760723039215686 0.13316993464052287 0.17738970588235295
344 0.3547794117647059 0.8648897058823529 0.21691176470588236 0.2702205882352941
344 0.5330882352941176 0.8537071078431372 0.17973856209150327 0.2925857843137255
344 0.37316176470588236 0.7048100490196079 0.4129901960784314 0.10018382352941177
325 0.8171977124183006 0.37346813725490197 0.07148692810457516 0.1801470588235294