87 0.06495098039215687 0.8515114379084967 0.12990196078431374 0.27655228758169936
87 0.18106617647058823 0.8598856209150327 0.1323529411764706 0.25980392156862747
84 0.3048406862745098 0.8566176470588236 0.125 0.25326797385620914
84 0.41620710784313725 0.8564133986928105 0.11243872549019608 0.2667483660130719
85 0.5347732843137255 0.8615196078431373 0.13511029411764705 0.2769607843137255
85 0.6674325980392157 0.8631535947712419 0.1400122549019608 0.27369281045751637
86 0.8123468137254902 0.8598856209150327 0.1602328431372549 0.28022875816993464
88 0.1723345588235294 0.4332107843137255 0.13020833333333334 0.18668300653594772
89 0.2824754901960784 0.42483660130718953 0.125 0.1968954248366013
89 0.4010416666666667 0.42647058823529416 0.12745098039215685 0.20669934640522877
89 0.2974877450980392 0.2346813725490196 0.125 0.18995098039215688
89 0.40471813725490197 0.21977124183006536 0.125 0.21323529411764708
90 0.5222120098039216 0.44812091503267976 0.10998774509803921 0.1503267973856209
90 0.6299019607843137 0.443014705882353 0.11519607843137254 0.15318627450980393
90 0.5185355392156863 0.28165849673202614 0.10263480392156862 0.18995098039215688
90 0.6211703431372549 0.2763480392156863 0.11243872549019608 0.18668300653594772
91 0.7636335784313726 0.4097222222222222 0.16758578431372548 0.21323529411764708
91 0.9010416666666666 0.40645424836601307 0.1525735294117647 0.21977124183006536
91 0.7449448529411764 0.22487745098039216 0.1400122549019608 0.26348039215686275
91 0.8462009803921569 0.23488562091503268 0.09252450980392157 0.13643790849673204
86 0.931219362745098 0.8582516339869282 0.13756127450980393 0.2834967320261438