347 0.21650326797385622 0.4499080882352941 0.28022875816993464 0.3599877450980392
347 0.46486928104575165 0.4497549019607843 0.25 0.3449754901960784
347 0.7148692810457516 0.4424019607843137 0.25 0.3799019607843137
347 0.923202614379085 0.4348958333333333 0.15359477124183007 0.3949142156862745
15 0.11968954248366014 0.8710171568627451 0.21323529411764708 0.24754901960784315
347 0.3198529411764706 0.8261335784313726 0.17320261437908496 0.2772671568627451
347 0.5098039215686274 0.8449754901960784 0.21977124183006536 0.31004901960784315
347 0.7365196078431373 0.8462009803921569 0.24673202614379086 0.3075980392156863
347 0.9264705882352942 0.827359068627451 0.14705882352941177 0.29503676470588236
352 0.2064950980392157 0.0935968137254902 0.2602124183006536 0.18229166666666666
352 0.46139705882352944 0.0899203431372549 0.27001633986928103 0.17493872549019607
352 0.7448937908496732 0.08486519607843138 0.27655228758169936 0.16973039215686275
347 0.06495098039215687 0.46292892156862747 0.12663398692810457 0.3388480392156863