348 0.16625816993464052 0.08869485294117647 0.29330065359477125 0.17738970588235295
348 0.4746732026143791 0.09237132352941177 0.2900326797385621 0.17493872549019607
348 0.7681781045751634 0.08869485294117647 0.30351307189542487 0.17738970588235295
345 0.15808823529411764 0.5272671568627451 0.25653594771241833 0.22487745098039216
345 0.41135620915032683 0.5197610294117647 0.25 0.2601102941176471
345 0.6529820261437909 0.5124080882352942 0.2332516339869281 0.2601102941176471
345 0.883169934640523 0.5049019607843137 0.23366013071895425 0.27512254901960786
16 0.17320261437908496 0.8261335784313726 0.20669934640522877 0.2772671568627451
16 0.3764297385620915 0.8486519607843137 0.21364379084967322 0.30269607843137253
16 0.5982434640522876 0.8449754901960784 0.23651960784313728 0.31004901960784315
16 0.818218954248366 0.8486519607843137 0.22303921568627452 0.30269607843137253
347 0.9564950980392157 0.8506433823529411 0.08700980392156862 0.29871323529411764