13 0.11315359477124183 0.11121323529411764 0.22630718954248366 0.22242647058823528
13 0.35804738562091504 0.11121323529411764 0.26348039215686275 0.22242647058823528
13 0.5996732026143791 0.11488970588235294 0.24673202614379086 0.22977941176470587
13 0.8431372549019608 0.11611519607843138 0.24019607843137256 0.23223039215686275
13 0.12152777777777778 0.5197610294117647 0.24305555555555555 0.2650122549019608
13 0.35804738562091504 0.5297181372549019 0.23651960784313728 0.25
13 0.5665849673202614 0.5274203431372549 0.21977124183006536 0.2349877450980392
13 0.7814542483660131 0.5223651960784313 0.22303921568627452 0.24509803921568626
359 0.13970588235294118 0.8511029411764706 0.25980392156862747 0.2977941176470588
359 0.34824346405228757 0.8486519607843137 0.21691176470588236 0.30269607843137253
359 0.5749591503267975 0.8462009803921569 0.23651960784313728 0.3075980392156863
12 0.8964460784313726 0.7973345588235294 0.20710784313725492 0.20986519607843138