349 0.15349264705882354 0.2914624183006536 0.22242647058823528 0.4097222222222222
349 0.34359681372549017 0.309640522875817 0.15778186274509803 0.37336601307189543
349 0.5186887254901961 0.3098447712418301 0.19240196078431374 0.39338235294117646
349 0.6936274509803921 0.31147875816993464 0.16727941176470587 0.38357843137254904
349 0.8498774509803921 0.32822712418300654 0.14522058823529413 0.35008169934640526
354 0.10110294117647059 0.7832924836601307 0.20220588235294118 0.4334150326797386
354 0.36243872549019607 0.7814542483660131 0.21997549019607843 0.43709150326797386
354 0.649969362745098 0.7798202614379085 0.20006127450980393 0.440359477124183
354 0.8324142156862745 0.7814542483660131 0.18504901960784315 0.43709150326797386
354 0.9497549019607843 0.7798202614379085 0.0974264705882353 0.440359477124183
354 0.5128676470588235 0.7706290849673203 0.09620098039215687 0.40155228758169936
354 0.2498468137254902 0.7555147058823529 0.0897671568627451 0.3917483660130719
349 0.02665441176470588 0.28982843137254904 0.051470588235294115 0.40318627450980393