362 0.125 0.4574142156862745 0.25 0.2849264705882353
362 0.37479575163398693 0.45618872549019607 0.27655228758169936 0.2824754901960784
362 0.6364379084967321 0.45235906862745096 0.25326797385620914 0.27481617647058826
362 0.8415032679738562 0.44362745098039214 0.1568627450980392 0.2077205882352941
773 0.15808823529411764 0.8334865196078431 0.2696078431372549 0.26256127450980393
773 0.40318627450980393 0.827359068627451 0.24673202614379086 0.27481617647058826
773 0.644812091503268 0.8261335784313726 0.24305555555555555 0.2772671568627451
773 0.8498774509803921 0.7735906862745098 0.2332516339869281 0.23774509803921567
361 0.12663398692810457 0.07659313725490197 0.25 0.15134803921568626
361 0.3991013071895425 0.07659313725490197 0.2916666666666667 0.15134803921568626
361 0.6924019607843137 0.07598039215686274 0.2916666666666667 0.15012254901960784
361 0.9180964052287582 0.0741421568627451 0.15972222222222224 0.14644607843137256