347 0.08823529411764706 0.11121323529411764 0.16993464052287582 0.22242647058823528
347 0.28145424836601307 0.10370710784313725 0.2630718954248366 0.2074142156862745
347 0.519812091503268 0.09237132352941177 0.24632352941176472 0.18474264705882354
347 0.13643790849673204 0.4699754901960784 0.25326797385620914 0.3449754901960784
347 0.36825980392156865 0.4610906862745098 0.27001633986928103 0.3327205882352941
347 0.5980392156862745 0.4336703431372549 0.2434640522875817 0.3526348039215686
362 0.7933006535947713 0.08486519607843138 0.29330065359477125 0.16973039215686275
773 0.8533496732026145 0.45113357843137253 0.29330065359477125 0.28768382352941174
772 0.14154411764705882 0.858609068627451 0.26348039215686275 0.28278186274509803
772 0.38480392156862747 0.8449754901960784 0.2696078431372549 0.31004901960784315
772 0.6266339869281046 0.827359068627451 0.25326797385620914 0.31525735294117646
360 0.8715277777777778 0.8511029411764706 0.2569444444444445 0.2922794117647059