17 0.15318627450980393 0.20235906862745098 0.17320261437908496 0.1449142156862745
17 0.4665032679738562 0.2072610294117647 0.16013071895424838 0.1400122549019608
17 0.33476307189542487 0.24739583333333334 0.09681372549019608 0.0548406862745098
18 0.5831290849673203 0.5286458333333334 0.1801470588235294 0.1724877450980392
18 0.7565359477124183 0.5274203431372549 0.16666666666666669 0.17003676470588236
18 0.9215686274509804 0.5274203431372549 0.1568627450980392 0.17003676470588236
19 0.1431781045751634 0.8711703431372549 0.1736111111111111 0.1173406862745098
19 0.32312091503267976 0.8598345588235294 0.16666666666666669 0.13020833333333334
19 0.491421568627451 0.858609068627451 0.16339869281045752 0.1326593137254902
19 0.1497140522875817 0.7561274509803921 0.18668300653594772 0.11274509803921569
19 0.3131127450980392 0.7222732843137255 0.14665032679738563 0.08486519607843138
19 0.47814542483660133 0.7224264705882353 0.16299019607843138 0.0900735294117647
20 0.6664624183006537 0.7535232843137255 0.1801470588235294 0.13756127450980393
20 0.6664624183006537 0.883578431372549 0.1801470588235294 0.12254901960784313
20 0.8482434640522876 0.7535232843137255 0.17687908496732027 0.14246323529411764
20 0.8496732026143791 0.8872549019607843 0.16666666666666669 0.12009803921568628
22 0.8331290849673203 0.1948529411764706 0.19321895424836602 0.16973039215686275
368 0.06985294117647059 0.5223651960784313 0.13970588235294118 0.17524509803921567
368 0.2397875816993464 0.5059742647058824 0.12663398692810457 0.14246323529411764
368 0.38480392156862747 0.524969362745098 0.17647058823529413 0.17003676470588236
22 0.9648692810457516 0.19730392156862744 0.07026143790849673 0.16482843137254902
20 0.9640522875816994 0.8730085784313726 0.07189542483660132 0.1289828431372549