374 0.7146650326797386 0.09727328431372549 0.22344771241830066 0.16513480392156862
373 0.13643790849673204 0.47349877450980393 0.11356209150326797 0.2025122549019608
373 0.48815359477124187 0.49371936274509803 0.1968954248366013 0.26256127450980393
373 0.6646241830065359 0.4885110294117647 0.16339869281045752 0.23743872549019607
373 0.8899101307189543 0.49724264705882354 0.2201797385620915 0.2800245098039216
20 0.06985294117647059 0.796109068627451 0.13970588235294118 0.16268382352941177
20 0.24305555555555555 0.7948835784313726 0.21323529411764708 0.1602328431372549
20 0.23651960784313728 0.9361213235294118 0.21977124183006536 0.12775735294117646
20 0.47814542483660133 0.8648897058823529 0.21691176470588236 0.2702205882352941
20 0.6664624183006537 0.8498774509803921 0.15972222222222224 0.2702205882352941
20 0.8480392156862745 0.8535539215686274 0.2034313725490196 0.2775735294117647