19 0.06112132352941176 0.4297385620915033 0.12224264705882353 0.17320261437908496
19 0.1873468137254902 0.4297385620915033 0.13020833333333334 0.16666666666666669
19 0.31495098039215685 0.4281045751633987 0.12990196078431374 0.16993464052287582
19 0.4387254901960784 0.4297385620915033 0.12254901960784313 0.17320261437908496
19 0.6035539215686274 0.35314542483660133 0.1323529411764706 0.3263888888888889
19 0.9224877450980392 0.3598856209150327 0.15502450980392157 0.30637254901960786
19 0.7060355392156863 0.35498366013071897 0.07261029411764706 0.2900326797385621
376 0.04871323529411765 0.8631535947712419 0.09252450980392157 0.27369281045751637
376 0.12867647058823528 0.8566176470588236 0.08762254901960784 0.286764705882353
385 0.3085171568627451 0.8314950980392157 0.06740196078431372 0.289624183006536
385 0.36106004901960786 0.8282271241830066 0.05238970588235294 0.28308823529411764
385 0.5560661764705882 0.8198529411764706 0.07230392156862744 0.25980392156862747
385 0.9434742647058824 0.8165849673202614 0.07751225490196079 0.286764705882353
385 0.8772977941176471 0.8082107843137255 0.07996323529411764 0.27001633986928103
385 0.7886029411764706 0.798202614379085 0.10232843137254902 0.3300653594771242
385 0.6747855392156863 0.8149509803921569 0.13511029411764705 0.2900326797385621
376 0.18106617647058823 0.7657271241830066 0.08272058823529412 0.2618464052287582