378 0.07613357843137254 0.2930964052287582 0.15226715686274508 0.4268790849673203
378 0.21231617647058823 0.30637254901960786 0.12990196078431374 0.42647058823529416
378 0.3385416666666667 0.31821895424836605 0.12254901960784313 0.41013071895424835
378 0.4586397058823529 0.3247549019607843 0.11764705882352941 0.4166666666666667
378 0.5761335784313726 0.33476307189542487 0.11243872549019608 0.40318627450980393
378 0.6861213235294118 0.3431372549019608 0.12224264705882353 0.3929738562091503
378 0.796109068627451 0.3498774509803922 0.12775735294117646 0.39338235294117646
378 0.8998161764705882 0.3631535947712418 0.125 0.37990196078431376
379 0.06495098039215687 0.7181372549019608 0.12990196078431374 0.2034313725490196
379 0.05621936274509804 0.9099264705882353 0.11243872549019608 0.1801470588235294
379 0.19730392156862744 0.9082924836601307 0.12009803921568628 0.18341503267973858
379 0.2185968137254902 0.7314133986928105 0.10263480392156862 0.15645424836601307
380 0.32981004901960786 0.7181372549019608 0.13511029411764705 0.1968954248366013
380 0.31985294117647056 0.9099264705882353 0.14522058823529413 0.1801470588235294
380 0.4623161764705882 0.9099264705882353 0.13480392156862744 0.1801470588235294
380 0.5897671568627451 0.9082924836601307 0.125 0.18341503267973858
774 0.8310355392156863 0.9082924836601307 0.1173406862745098 0.18341503267973858