374 0.21977124183006536 0.21737132352941177 0.19362745098039216 0.1449142156862745
374 0.37316176470588236 0.2348345588235294 0.1270424836601307 0.10998774509803921
379 0.5381944444444444 0.2261029411764706 0.18995098039215688 0.13725490196078433
379 0.7064950980392157 0.23743872549019607 0.15972222222222224 0.12009803921568628
379 0.5314542483660131 0.09237132352941177 0.18300653594771243 0.16513480392156862
379 0.7097630718954249 0.10738357843137254 0.16625816993464052 0.14981617647058823
379 0.8447712418300654 0.2535232843137255 0.11683006535947713 0.10263480392156862
373 0.07659313725490197 0.5372242647058824 0.15318627450980393 0.2349877450980392
373 0.23815359477124184 0.5298713235294118 0.14297385620915032 0.20496323529411764
373 0.3931781045751634 0.5424325980392157 0.1801470588235294 0.2349877450980392
20 0.07148692810457516 0.8697916666666666 0.14297385620915032 0.25
20 0.20812908496732027 0.8535539215686274 0.15645424836601307 0.25245098039215685
20 0.37479575163398693 0.8486519607843137 0.17687908496732027 0.25245098039215685
19 0.5565767973856209 0.9261642156862745 0.1801470588235294 0.14767156862745098
19 0.7263071895424836 0.9174325980392156 0.17320261437908496 0.1449142156862745
19 0.9029820261437909 0.9249387254901961 0.1801470588235294 0.15012254901960784
375 0.5698529411764706 0.5422794117647058 0.16666666666666669 0.22487745098039216
375 0.7647058823529412 0.5435049019607843 0.16993464052287582 0.22242647058823528
375 0.9080882352941176 0.5261948529411765 0.12336601307189543 0.16758578431372548
374 0.06229575163398693 0.11979166666666667 0.1213235294117647 0.11274509803921569