371 0.10355392156862744 0.4348447712418301 0.10232843137254902 0.23651960784313728
372 0.2185968137254902 0.41135620915032683 0.1326593137254902 0.2834967320261438
372 0.33869485294117646 0.43300653594771243 0.10753676470588235 0.24019607843137256
372 0.4623161764705882 0.44464869281045755 0.10477941176470588 0.22344771241830066
372 0.5635723039215687 0.4464869281045752 0.10263480392156862 0.21977124183006536
381 0.9136029411764706 0.42647058823529416 0.13725490196078433 0.25980392156862747
381 0.6660539215686274 0.4548611111111111 0.09252450980392157 0.18995098039215688
367 0.2072610294117647 0.8431372549019608 0.11488970588235294 0.286764705882353
367 0.3161764705882353 0.854983660130719 0.12745098039215685 0.2900326797385621
367 0.44730392156862747 0.8431372549019608 0.11519607843137254 0.29330065359477125
367 0.5723039215686274 0.8498774509803921 0.12009803921568628 0.3002450980392157
367 0.681219362745098 0.8415032679738562 0.10753676470588235 0.2834967320261438
367 0.8910845588235294 0.8566176470588236 0.14246323529411764 0.286764705882353
370 0.07919730392156862 0.05330882352941177 0.1289828431372549 0.10334967320261439
370 0.32981004901960786 0.05228758169934641 0.11243872549019608 0.10130718954248366
370 0.5611213235294118 0.05228758169934641 0.12224264705882353 0.10130718954248366
370 0.6835171568627451 0.056576797385620915 0.125 0.10661764705882354
370 0.9209558823529411 0.049019607843137254 0.125 0.09150326797385622