367 0.1548202614379085 0.5635723039215687 0.1568627450980392 0.2025122549019608
367 0.3098447712418301 0.5686274509803921 0.15318627450980393 0.21262254901960784
367 0.463031045751634 0.5635723039215687 0.15972222222222224 0.19270833333333334
367 0.6948529411764706 0.5747549019607843 0.16339869281045752 0.21997549019607843
367 0.8180147058823529 0.5649509803921569 0.10334967320261439 0.18995098039215685
373 0.9348447712418301 0.5635723039215687 0.13031045751633988 0.19270833333333334
18 0.09824346405228758 0.9048713235294118 0.17687908496732027 0.19025735294117646
18 0.2714460784313726 0.889859068627451 0.15645424836601307 0.17493872549019607
18 0.4332107843137255 0.9099264705882353 0.1801470588235294 0.1801470588235294
22 0.6080473856209151 0.9087009803921569 0.17687908496732027 0.18259803921568626
22 0.7881944444444444 0.9123774509803921 0.18341503267973858 0.17524509803921567
20 0.9264705882352942 0.8249080882352942 0.14705882352941177 0.13511029411764705
20 0.9383169934640523 0.946078431372549 0.12336601307189543 0.10232843137254902
372 0.04146241830065359 0.24479166666666666 0.08292483660130719 0.16482843137254902
372 0.1881127450980392 0.258578431372549 0.14991830065359477 0.15747549019607843
372 0.33476307189542487 0.2611825980392157 0.1433823529411765 0.14736519607843138
381 0.48161764705882354 0.2760416666666667 0.12990196078431374 0.12254901960784313
381 0.7581699346405228 0.24724264705882354 0.16339869281045752 0.18504901960784315
381 0.9248366013071896 0.2423406862745098 0.1503267973856209 0.1948529411764706