376 0.12852328431372548 0.3431372549019608 0.11243872549019608 0.30637254901960786
385 0.32613357843137253 0.3314950980392157 0.07261029411764706 0.29697712418300654
385 0.3872549019607843 0.32965686274509803 0.06004901960784314 0.29330065359477125
385 0.5935968137254902 0.3247549019607843 0.07751225490196079 0.2900326797385621
385 0.9485294117647058 0.3198529411764706 0.0974264705882353 0.30637254901960786
385 0.7248774509803921 0.3298611111111111 0.15502450980392157 0.3002450980392157
385 0.8484987745098039 0.29820261437908496 0.13756127450980393 0.36356209150326796
384 0.11488970588235294 0.7465277777777778 0.14522058823529413 0.11968954248366014
384 0.2535232843137255 0.7448937908496732 0.14246323529411764 0.11642156862745098
384 0.11106004901960784 0.8631535947712419 0.13756127450980393 0.12009803921568628
384 0.3949142156862745 0.7779820261437909 0.15992647058823528 0.14991830065359477
384 0.4073223039215686 0.923202614379085 0.16513480392156862 0.15359477124183007
384 0.5661764705882353 0.789828431372549 0.15747549019607843 0.13357843137254902
384 0.7185968137254902 0.8014705882352942 0.15778186274509803 0.16993464052287582
384 0.8772977941176471 0.9248366013071896 0.17493872549019607 0.1503267973856209
376 0.1999080882352941 0.29391339869281047 0.07506127450980392 0.26838235294117646