387 0.20986519607843138 0.2297794117647059 0.10477941176470588 0.1736111111111111
387 0.3235294117647059 0.22140522875816995 0.09252450980392157 0.12990196078431374
387 0.41988357843137253 0.2397875816993464 0.10508578431372549 0.12009803921568628
388 0.18229166666666666 0.6431781045751634 0.06985294117647059 0.1270424836601307
388 0.2699142156862745 0.6513480392156863 0.09987745098039215 0.14991830065359477
388 0.3685661764705882 0.6480800653594772 0.0974264705882353 0.14991830065359477
388 0.4647671568627451 0.6431781045751634 0.09497549019607843 0.14665032679738563
388 0.5635723039215687 0.644812091503268 0.0977328431372549 0.15645424836601307
388 0.6599264705882353 0.6397058823529412 0.09987745098039215 0.15359477124183007
388 0.7610294117647058 0.6397058823529412 0.0974264705882353 0.15359477124183007
388 0.8635110294117647 0.6348039215686274 0.10753676470588235 0.1568627450980392
388 0.059895833333333336 0.883169934640523 0.11979166666666667 0.15359477124183007
388 0.18612132352941177 0.8782679738562091 0.12775735294117646 0.16339869281045752
388 0.31112132352941174 0.8747957516339869 0.12775735294117646 0.15645424836601307
388 0.4298406862745098 0.8696895424836601 0.125 0.16013071895424838
388 0.5536151960784313 0.8531454248366014 0.12254901960784313 0.1736111111111111
388 0.6773897058823529 0.8580473856209151 0.12990196078431374 0.17687908496732027
388 0.821078431372549 0.8631535947712419 0.1525735294117647 0.15359477124183007
388 0.9456188725490196 0.8623366013071896 0.10876225490196079 0.17483660130718956