406 0.12224264705882353 0.32312091503267976 0.15502450980392157 0.33986928104575165
405 0.27236519607843135 0.31147875816993464 0.14522058823529413 0.35008169934640526
406 0.4273897058823529 0.3263888888888889 0.15012254901960784 0.32679738562091504
405 0.5848651960784313 0.3014705882352941 0.15502450980392157 0.3431372549019608
405 0.7411151960784313 0.3014705882352941 0.17769607843137256 0.3366013071895425
407 0.9109987745098039 0.2681781045751634 0.1724877450980392 0.3901143790849673
404 0.21982230392156862 0.6264297385620915 0.2650122549019608 0.16707516339869283
404 0.17723651960784315 0.883169934640523 0.29503676470588236 0.20016339869281047
408 0.4886642156862745 0.6215277777777778 0.25735294117647056 0.17034313725490197
408 0.48238357843137253 0.8799019607843137 0.29503676470588236 0.20669934640522877
409 0.764859068627451 0.6131535947712419 0.27971813725490197 0.17320261437908496
409 0.7798713235294118 0.8729575163398693 0.30974264705882354 0.20669934640522877
403 0.047947303921568624 0.6239787581699346 0.0940563725490196 0.17197712418300654