410 0.11994485294117647 0.38480392156862747 0.23988970588235295 0.1568627450980392
410 0.12867647058823528 0.6215277777777778 0.25735294117647056 0.18995098039215688
410 0.11994485294117647 0.8698937908496732 0.23988970588235295 0.1801470588235294
411 0.3860294117647059 0.1781045751633987 0.24754901960784315 0.16339869281045752
411 0.375 0.3964460784313726 0.25 0.15972222222222224
411 0.38848039215686275 0.6315359477124183 0.25245098039215685 0.16993464052287582
411 0.37484681372549017 0.8698937908496732 0.2650122549019608 0.18668300653594772
412 0.6272977941176471 0.19301470588235295 0.2349877450980392 0.14665032679738563
412 0.6286764705882353 0.4048202614379085 0.24754901960784315 0.16339869281045752
412 0.6449142156862745 0.6299019607843137 0.2549019607843137 0.16666666666666669
412 0.6386335784313726 0.8682598039215687 0.25765931372549017 0.18341503267973858
413 0.8648897058823529 0.20976307189542484 0.22487745098039216 0.13357843137254902
413 0.8699448529411764 0.4131944444444445 0.23008578431372548 0.15318627450980393
413 0.8849571078431372 0.6331699346405228 0.23008578431372548 0.15359477124183007
413 0.8886335784313726 0.8782679738562091 0.2227328431372549 0.16339869281045752