431 0.3247549019607843 0.11366421568627451 0.11683006535947713 0.22732843137254902
431 0.43157679738562094 0.11611519607843138 0.10334967320261439 0.23223039215686275
431 0.5314542483660131 0.11243872549019608 0.10294117647058824 0.22487745098039216
432 0.8631535947712419 0.8612132352941176 0.14705882352941177 0.2775735294117647
432 0.9632352941176471 0.8599877450980392 0.07352941176470588 0.2800245098039216
780 0.09803921568627451 0.11366421568627451 0.11683006535947713 0.22732843137254902
780 0.2064950980392157 0.11243872549019608 0.10661764705882354 0.22487745098039216
435 0.6697303921568628 0.10860906862745098 0.14011437908496732 0.21721813725490197
436 0.9348447712418301 0.10738357843137254 0.0763888888888889 0.21476715686274508
428 0.04820261437908497 0.49862132352941174 0.08986928104575163 0.3023897058823529
428 0.1431781045751634 0.4923406862745098 0.10661764705882354 0.3051470588235294
778 0.22630718954248366 0.5223651960784313 0.08660130718954248 0.3002450980392157
778 0.30800653594771243 0.5186887254901961 0.07679738562091504 0.28737745098039214
778 0.3831699346405229 0.5160845588235294 0.09313725490196079 0.2925857843137255
778 0.4746732026143791 0.5124080882352942 0.08986928104575163 0.2901348039215686
778 0.5912990196078431 0.4973958333333333 0.09681372549019608 0.3048406862745098
778 0.701593137254902 0.4960171568627451 0.09681372549019608 0.3075980392156863
433 0.9415849673202614 0.477328431372549 0.11683006535947713 0.34987745098039214
428 0.05330882352941177 0.875 0.10661764705882354 0.25
781 0.23651960784313728 0.8736213235294118 0.12009803921568628 0.25275735294117646
781 0.36151960784313725 0.868719362745098 0.11683006535947713 0.26256127450980393
781 0.48815359477124187 0.8599877450980392 0.11683006535947713 0.2800245098039216
781 0.6115196078431373 0.8624387254901961 0.12336601307189543 0.27512254901960786
781 0.729779411764706 0.8624387254901961 0.11315359477124183 0.27512254901960786
780 0.02900326797385621 0.1173406862745098 0.05473856209150327 0.23284313725490197