433 0.38480392156862747 0.2949346405228758 0.13480392156862744 0.5898692810457516
433 0.4811580882352941 0.28145424836601307 0.1173406862745098 0.5629084967320261
433 0.5873161764705882 0.27655228758169936 0.12990196078431374 0.5531045751633987
434 0.702359068627451 0.2681781045751634 0.13020833333333334 0.5363562091503268
434 0.8147977941176471 0.2616421568627451 0.10998774509803921 0.5232843137254902
434 0.8748468137254902 0.2465277777777778 0.08486519607843138 0.4930555555555556
432 0.3598345588235294 0.846609477124183 0.13511029411764705 0.306781045751634
432 0.477328431372549 0.8366013071895425 0.12990196078431374 0.32679738562091504
432 0.5935968137254902 0.8282271241830066 0.12224264705882353 0.34354575163398693
432 0.8036151960784313 0.8082107843137255 0.12254901960784313 0.38357843137254904
432 0.9235600490196079 0.8014705882352942 0.1173406862745098 0.3970588235294118
778 0.1410845588235294 0.3498774509803922 0.14246323529411764 0.5200163398692811
778 0.05361519607843137 0.36478758169934644 0.10723039215686274 0.5098039215686274
781 0.1323529411764706 0.8666258169934641 0.125 0.2667483660130719
781 0.2423406862745098 0.8582516339869282 0.12009803921568628 0.2834967320261438