443 0.08486519607843138 0.875 0.16973039215686275 0.25
443 0.2610294117647059 0.8799019607843137 0.1875 0.24019607843137256
443 0.43995098039215685 0.6464460784313726 0.18995098039215685 0.2332516339869281
443 0.45618872549019607 0.8848039215686275 0.18259803921568626 0.2303921568627451
443 0.6272977941176471 0.6529820261437909 0.17493872549019607 0.2332516339869281
443 0.639859068627451 0.8829656862745098 0.18474264705882354 0.2267156862745098
443 0.8060661764705882 0.6564542483660131 0.18259803921568626 0.23366013071895425
443 0.827359068627451 0.8866421568627452 0.19025735294117646 0.2267156862745098
444 0.15870098039215685 0.3480392156862745 0.3174019607843137 0.1568627450980392
444 0.17110906862745098 0.22651143790849673 0.34221813725490197 0.10661764705882354
445 0.4185049019607843 0.3496732026143791 0.15747549019607843 0.16013071895424838
445 0.587469362745098 0.3314950980392157 0.17003676470588236 0.18341503267973858
446 0.7185968137254902 0.3415032679738562 0.07261029411764706 0.17647058823529413
446 0.8036151960784313 0.3247549019607843 0.0974264705882353 0.2099673202614379
446 0.8961397058823529 0.32802287581699346 0.08762254901960784 0.2099673202614379