104 0.4448529411764706 0.10983455882352941 0.3700980392156863 0.19025735294117646
104 0.8133169934640523 0.10232843137254902 0.37336601307189543 0.1948529411764706
106 0.1815767973856209 0.5487132352941176 0.3631535947712418 0.1875
106 0.23304738562091504 0.4335171568627451 0.2798202614379085 0.05759803921568627
107 0.5363562091503268 0.5235906862745098 0.32679738562091504 0.1525735294117647
107 0.846609477124183 0.5035232843137255 0.306781045751634 0.17738970588235295
107 0.5565767973856209 0.38235294117647056 0.34681372549019607 0.15992647058823528
107 0.8464052287581699 0.3935355392156863 0.25980392156862747 0.047487745098039214
108 0.08823529411764706 0.8923100490196079 0.17647058823529413 0.16513480392156862
109 0.3047385620915033 0.8886335784313726 0.2834967320261438 0.1724877450980392
109 0.4448529411764706 0.7723651960784313 0.2834967320261438 0.15502450980392157
109 0.5749591503267975 0.8699448529411764 0.27001633986928103 0.17003676470588236
109 0.8482434640522876 0.8998161764705882 0.30351307189542487 0.18504901960784315
109 0.8233251633986929 0.7723651960784313 0.2732843137254902 0.08517156862745098
103 0.12663398692810457 0.10860906862745098 0.25 0.2153799019607843