457 0.10110294117647059 0.8147467320261438 0.20220588235294118 0.3631535947712418
458 0.28860294117647056 0.922998366013072 0.07230392156862744 0.14011437908496732
458 0.36106004901960786 0.9264705882352942 0.07261029411764706 0.14705882352941177
458 0.4336703431372549 0.922998366013072 0.07261029411764706 0.14665032679738563
458 0.5035232843137255 0.922998366013072 0.07261029411764706 0.14011437908496732
458 0.5899203431372549 0.9246323529411765 0.07506127450980392 0.1433823529411765
458 0.6599264705882353 0.922998366013072 0.06985294117647059 0.14011437908496732
458 0.7299325980392157 0.922998366013072 0.07506127450980392 0.14011437908496732
458 0.7997855392156863 0.9213643790849674 0.07506127450980392 0.13684640522875818
458 0.8685661764705882 0.9197303921568628 0.08272058823529412 0.14011437908496732
458 0.5761335784313726 0.729779411764706 0.06770833333333333 0.14011437908496732
458 0.6424632352941176 0.729779411764706 0.06495098039215687 0.14011437908496732
458 0.7009803921568627 0.729779411764706 0.0625 0.14011437908496732
458 0.7662377450980392 0.729779411764706 0.0625 0.14011437908496732
458 0.8287377450980392 0.7314133986928105 0.0625 0.13684640522875818
458 0.8861825980392156 0.672998366013072 0.07751225490196079 0.10661764705882354
458 0.9373468137254902 0.673202614379085 0.07996323529411764 0.11356209150326797
783 0.18612132352941177 0.23304738562091504 0.3673406862745098 0.3133169934640523
783 0.5536151960784313 0.24816176470588236 0.352328431372549 0.29697712418300654
458 0.2149203431372549 0.9246323529411765 0.07996323529411764 0.1433823529411765