462 0.17320261437908496 0.35370710784313725 0.29983660130718953 0.14246323529411764
462 0.09824346405228758 0.23238357843137256 0.18995098039215688 0.10998774509803921
465 0.41482843137254904 0.2522977941176471 0.22344771241830066 0.32506127450980393
465 0.6382761437908497 0.2461703431372549 0.22998366013071897 0.3324142156862745
465 0.8398692810457516 0.24862132352941177 0.17973856209150327 0.2974877450980392
463 0.17973856209150327 0.7872242647058824 0.19362745098039216 0.2650122549019608
464 0.35314542483660133 0.7922794117647058 0.1801470588235294 0.2800245098039216
464 0.519812091503268 0.8311887254901961 0.20629084967320263 0.3125
785 0.9315767973856209 0.8135723039215687 0.13684640522875818 0.23743872549019607
463 0.05494281045751634 0.7924325980392157 0.10661764705882354 0.27236519607843135
465 0.9624183006535948 0.23728553921568626 0.07516339869281045 0.32506127450980393