473 0.13357843137254902 0.44138071895424835 0.1525735294117647 0.35661764705882354
473 0.26485906862745096 0.4381127450980392 0.1449142156862745 0.34354575163398693
473 0.3949142156862745 0.4362745098039216 0.12009803921568628 0.33333333333333337
473 0.11473651960784313 0.8249591503267975 0.17493872549019607 0.35008169934640526
473 0.2699142156862745 0.8198529411764706 0.15992647058823528 0.3602941176470588
473 0.4261642156862745 0.8165849673202614 0.1525735294117647 0.36683006535947715
472 0.5623468137254902 0.45302287581699346 0.14981617647058823 0.37990196078431376
472 0.6636029411764706 0.43647875816993464 0.0625 0.3198529411764706
472 0.7461703431372549 0.43157679738562094 0.1173406862745098 0.31004901960784315
472 0.5698529411764706 0.8198529411764706 0.14522058823529413 0.3602941176470588
472 0.7048100490196079 0.8031045751633987 0.1400122549019608 0.37336601307189543
474 0.8923100490196079 0.4348447712418301 0.14981617647058823 0.32312091503267976
472 0.8259803921568627 0.7881944444444444 0.15747549019607843 0.35008169934640526
474 0.9172794117647058 0.7424428104575164 0.0625 0.31495098039215685
474 0.9756433823529411 0.7322303921568628 0.04871323529411765 0.3247549019607843