110 0.10983455882352941 0.26143790849673204 0.19025735294117646 0.1568627450980392
110 0.10723039215686274 0.4097222222222222 0.18504901960784315 0.15359477124183007
92 0.2959558823529412 0.26143790849673204 0.1875 0.16339869281045752
92 0.4797794117647059 0.2681781045751634 0.1801470588235294 0.16299019607843138
92 0.4811580882352941 0.4215686274509804 0.16758578431372548 0.1568627450980392
92 0.6798406862745098 0.2581699346405229 0.21997549019607843 0.17647058823529413
92 0.6761642156862745 0.42483660130718953 0.22242647058823528 0.16993464052287582
93 0.8861825980392156 0.43137254901960786 0.19761029411764705 0.17647058823529413
93 0.9361213235294118 0.2881944444444445 0.12775735294117646 0.1433823529411765
97 0.07873774509803921 0.6529820261437909 0.15747549019607843 0.14011437908496732
97 0.06985294117647059 0.8280228758169935 0.13970588235294118 0.2099673202614379
96 0.2423406862745098 0.6464460784313726 0.16973039215686275 0.1270424836601307
96 0.23606004901960784 0.7865604575163399 0.18229166666666666 0.15972222222222224
96 0.414828431372549 0.6597222222222222 0.1801470588235294 0.15359477124183007
96 0.41620710784313725 0.8580473856209151 0.2074142156862745 0.18341503267973858
96 0.5962009803921569 0.6864787581699346 0.19240196078431374 0.18668300653594772
96 0.6148897058823529 0.846609477124183 0.1948529411764706 0.19321895424836602
81 0.8086703431372549 0.6930147058823529 0.22763480392156862 0.18668300653594772
81 0.8172487745098039 0.8631535947712419 0.20496323529411764 0.17973856209150327
81 0.952359068627451 0.6746323529411765 0.09528186274509803 0.1433823529411765
81 0.9612438725490196 0.8658088235294118 0.07751225490196079 0.18831699346405228