76 0.12316176470588236 0.17095588235294118 0.24632352941176472 0.3125
76 0.2881944444444445 0.15747549019607843 0.30351307189542487 0.31495098039215685
76 0.539828431372549 0.15487132352941177 0.2602124183006536 0.30974264705882354
486 0.06495098039215687 0.5160845588235294 0.12990196078431374 0.26746323529411764
486 0.18647875816993464 0.5099571078431373 0.15318627450980393 0.2699142156862745
486 0.36151960784313725 0.49862132352941174 0.19035947712418302 0.3023897058823529
486 0.5714869281045751 0.49111519607843135 0.21650326797385622 0.28737745098039214
486 0.7730800653594772 0.4973958333333333 0.2267156862745098 0.2699142156862745
75 0.09987745098039216 0.8272058823529411 0.19321895424836602 0.25
75 0.27165032679738566 0.827359068627451 0.16993464052287582 0.2601102941176471
75 0.4048202614379085 0.821078431372549 0.12336601307189543 0.2622549019607843
75 0.548202614379085 0.8198529411764706 0.18300653594771243 0.2647058823529412
75 0.7113970588235294 0.8147977941176471 0.14991830065359477 0.2699142156862745
674 0.8696895424836601 0.8310355392156863 0.16666666666666669 0.2423406862745098