21 0.24601715686274508 0.3613153594771242 0.0974264705882353 0.22998366013071897
17 0.3561580882352941 0.40155228758169936 0.11243872549019608 0.16339869281045752
17 0.4649203431372549 0.44321895424836605 0.07506127450980392 0.08006535947712419
17 0.5635723039215687 0.40318627450980393 0.11243872549019608 0.16666666666666669
22 0.8160232843137255 0.3880718954248366 0.14736519607843138 0.19035947712418302
22 0.9424019607843137 0.3880718954248366 0.11519607843137254 0.1968954248366013
18 0.6573223039215687 0.797998366013072 0.1449142156862745 0.22998366013071897
18 0.789828431372549 0.7998366013071896 0.12990196078431374 0.22630718954248366
18 0.9162071078431372 0.8014705882352942 0.13756127450980393 0.22303921568627452
375 0.03860294117647059 0.7630718954248367 0.07720588235294118 0.286764705882353
375 0.12867647058823528 0.7314133986928105 0.08762254901960784 0.21691176470588236
368 0.26485906862745096 0.789828431372549 0.13020833333333334 0.2267156862745098
368 0.40487132352941174 0.7681781045751634 0.10018382352941177 0.19648692810457516
368 0.514859068627451 0.7947303921568628 0.11979166666666667 0.22344771241830066
370 0.6348039215686274 0.042279411764705885 0.09497549019607843 0.08129084967320262
370 0.9505208333333334 0.04411764705882353 0.07628676470588235 0.08169934640522876