493 0.06112132352941176 0.06985294117647059 0.12224264705882353 0.13970588235294118
493 0.16988357843137256 0.07659313725490197 0.11488970588235294 0.14011437908496732
494 0.29488357843137253 0.08660130718954248 0.13020833333333334 0.12009803921568628
494 0.39996936274509803 0.09313725490196079 0.07996323529411764 0.13316993464052287
495 0.49111519607843135 0.08333333333333334 0.1323529411764706 0.16666666666666669
495 0.633578431372549 0.08660130718954248 0.1323529411764706 0.17320261437908496
496 0.7647058823529411 0.08986928104575163 0.125 0.17973856209150327
496 0.8985906862745098 0.09150326797385622 0.13725490196078433 0.18300653594771243
497 0.04733455882352941 0.4665032679738562 0.07996323529411764 0.12009803921568628
497 0.12990196078431374 0.4681372549019608 0.08517156862745098 0.11683006535947713
497 0.09099264705882353 0.5915032679738562 0.09252450980392157 0.12990196078431374
497 0.022365196078431373 0.5915032679738562 0.044730392156862746 0.12990196078431374
497 0.06740196078431372 0.8766339869281046 0.13480392156862744 0.24673202614379086
498 0.21369485294117646 0.8713235294117647 0.14246323529411764 0.25
498 0.3598345588235294 0.875 0.14981617647058823 0.25
498 0.2973345588235294 0.6531862745098039 0.13020833333333334 0.21323529411764708
498 0.4036458333333333 0.6515522875816994 0.08241421568627451 0.2034313725490196
499 0.5010723039215687 0.8766339869281046 0.14246323529411764 0.24673202614379086
499 0.5049019607843137 0.672998366013072 0.13480392156862744 0.2332516339869281
499 0.6498161764705882 0.6746323529411765 0.14522058823529413 0.22344771241830066
499 0.6473651960784313 0.8713235294117647 0.14522058823529413 0.25
499 0.5572916666666666 0.4714052287581699 0.125 0.1968954248366013
499 0.6810661764705882 0.4679330065359477 0.12745098039215685 0.18995098039215688
500 0.7910539215686274 0.8615196078431373 0.15747549019607843 0.25
500 0.9223345588235294 0.8598856209150327 0.14981617647058823 0.25326797385620914