501 0.04656862745098039 0.09987745098039215 0.09313725490196079 0.09497549019607843
501 0.11662581699346405 0.1636029411764706 0.14011437908496732 0.08272058823529412
502 0.1715686274509804 0.08363970588235294 0.12990196078431374 0.10232843137254902
501 0.33476307189542487 0.07230392156862744 0.10988562091503268 0.0900735294117647
503 0.24305555555555555 0.15732230392156862 0.12663398692810457 0.07996323529411764
503 0.36968954248366015 0.16605392156862744 0.11356209150326797 0.0625
503 0.4797794117647059 0.05744485294117647 0.13357843137254902 0.10998774509803921
503 0.4848856209150327 0.14736519607843138 0.13643790849673204 0.08517156862745098
503 0.604779411764706 0.05238970588235294 0.12377450980392157 0.10477941176470588
503 0.616421568627451 0.13863357843137256 0.12663398692810457 0.08731617647058823
503 0.741421568627451 0.13602941176470587 0.13643790849673204 0.09252450980392157
503 0.7381535947712419 0.05116421568627451 0.12990196078431374 0.10232843137254902
503 0.8747957516339869 0.12745098039215685 0.13031045751633988 0.0900735294117647
503 0.8764297385620915 0.047487745098039214 0.13357843137254902 0.09497549019607843
504 0.10151143790849673 0.3474264705882353 0.13031045751633988 0.12009803921568628
504 0.10314542483660132 0.4486825980392157 0.13357843137254902 0.10753676470588235
504 0.10314542483660132 0.5473345588235294 0.13357843137254902 0.10508578431372549
504 0.2281454248366013 0.3411458333333333 0.11642156862745098 0.10753676470588235
504 0.23141339869281047 0.44362745098039214 0.11642156862745098 0.11274509803921569
504 0.23141339869281047 0.546109068627451 0.12295751633986929 0.10263480392156862
505 0.35314542483660133 0.33731617647058826 0.1270424836601307 0.11519607843137254
505 0.35641339869281047 0.4410232843137255 0.13357843137254902 0.10753676470588235
505 0.36151960784313725 0.5410539215686274 0.12990196078431374 0.0974264705882353
505 0.48651960784313725 0.3322610294117647 0.13316993464052287 0.11488970588235294
505 0.491421568627451 0.43734681372549017 0.13643790849673204 0.10998774509803921
505 0.4930555555555556 0.5386029411764706 0.13316993464052287 0.0974264705882353
506 0.6431781045751634 0.3322610294117647 0.14011437908496732 0.10998774509803921
506 0.644812091503268 0.4336703431372549 0.13031045751633988 0.10753676470588235
506 0.6497140522875817 0.5373774509803921 0.14011437908496732 0.10477941176470588
506 0.7781862745098039 0.32230392156862747 0.13643790849673204 0.11519607843137254
506 0.7814542483660131 0.42861519607843135 0.14297385620915032 0.11274509803921569
506 0.7881944444444444 0.5323223039215687 0.13684640522875818 0.10508578431372549
506 0.9264705882352942 0.31724877450980393 0.14705882352941177 0.10998774509803921
506 0.9246323529411765 0.4223345588235294 0.1433823529411765 0.11488970588235294
506 0.9283088235294118 0.5298713235294118 0.1433823529411765 0.10508578431372549
507 0.09477124183006536 0.7686887254901961 0.12990196078431374 0.12745098039215685
507 0.088031045751634 0.8748468137254902 0.13684640522875818 0.13020833333333334
507 0.09150326797385622 0.9537377450980392 0.13643790849673204 0.09252450980392157
507 0.22303921568627452 0.7660845588235294 0.13316993464052287 0.12775735294117646
507 0.22140522875816995 0.8723958333333334 0.13643790849673204 0.13020833333333334
507 0.22303921568627452 0.952359068627451 0.13970588235294118 0.09528186274509803
508 0.35641339869281047 0.7647058823529411 0.13357843137254902 0.125
508 0.3547794117647059 0.8711703431372549 0.1433823529411765 0.13756127450980393
508 0.36478758169934644 0.9485294117647058 0.14379084967320263 0.0974264705882353
508 0.4930555555555556 0.7610294117647058 0.13316993464052287 0.1323529411764706
508 0.49468954248366015 0.8699448529411764 0.13643790849673204 0.1400122549019608
508 0.5014297385620915 0.9511335784313726 0.13684640522875818 0.08241421568627451
795 0.6247957516339869 0.7549019607843137 0.1433823529411765 0.12990196078431374
795 0.6497140522875817 0.8636642156862745 0.13357843137254902 0.1323529411764706
795 0.6513480392156863 0.9486825980392156 0.1433823529411765 0.10263480392156862
795 0.7665441176470589 0.7573529411764706 0.14011437908496732 0.125
795 0.7914624183006537 0.8622855392156863 0.13684640522875818 0.13511029411764705
795 0.7998366013071896 0.9511335784313726 0.13970588235294118 0.0977328431372549
796 0.8398692810457516 0.7297794117647058 0.12663398692810457 0.12009803921568628
796 0.9448529411764706 0.733609068627451 0.11029411764705882 0.1173406862745098
796 0.951593137254902 0.8272058823529411 0.09681372549019608 0.125
796 0.9532271241830066 0.931219362745098 0.09354575163398693 0.13756127450980393