110 0.4632352941176471 0.5099571078431373 0.29330065359477125 0.1449142156862745
110 0.7430555555555556 0.39736519607843135 0.286764705882353 0.125
110 0.741421568627451 0.5174632352941176 0.2769607843137255 0.125
97 0.3480392156862745 0.8823529411764706 0.3300653594771242 0.18504901960784315
97 0.3897058823529412 0.758578431372549 0.33986928104575165 0.1525735294117647
97 0.6781045751633987 0.8748468137254902 0.3235294117647059 0.20006127450980393
97 0.6713643790849674 0.727328431372549 0.22344771241830066 0.09497549019607843
96 0.9048202614379085 0.8311887254901961 0.19035947712418302 0.12745098039215685
111 0.13827614379084968 0.0586703431372549 0.27655228758169936 0.1173406862745098
96 0.4013480392156863 0.09114583333333333 0.35008169934640526 0.18229166666666666
101 0.7598039215686275 0.13480392156862744 0.3602941176470588 0.09987745098039215
738 0.14991830065359477 0.5173100490196079 0.29983660130718953 0.16513480392156862
112 0.09660947712418301 0.8723958333333334 0.19321895424836602 0.20496323529411764
96 0.8915441176470589 0.7242647058823529 0.21691176470588236 0.07904411764705882
111 0.11662581699346405 0.1410845588235294 0.22998366013071897 0.05238970588235294