511 0.07996323529411764 0.8582516339869282 0.15992647058823528 0.2834967320261438
511 0.2423406862745098 0.8566176470588236 0.16973039215686275 0.286764705882353
511 0.4074754901960784 0.8598856209150327 0.15502450980392157 0.28022875816993464
511 0.5698529411764706 0.8580473856209151 0.16973039215686275 0.27655228758169936
511 0.41237745098039214 0.6331699346405228 0.15992647058823528 0.29330065359477125
511 0.5759803921568627 0.6429738562091504 0.15747549019607843 0.29330065359477125
511 0.18489583333333334 0.36151960784313725 0.16513480392156862 0.25653594771241833
511 0.34099264705882354 0.366421568627451 0.1525735294117647 0.24673202614379086
511 0.4848345588235294 0.37826797385620914 0.1400122549019608 0.25
512 0.7472426470588235 0.6397058823529412 0.15992647058823528 0.29330065359477125
512 0.9186580882352942 0.6431781045751634 0.16268382352941177 0.2863562091503268
512 0.7297794117647058 0.8566176470588236 0.15502450980392157 0.286764705882353
512 0.8949142156862745 0.8533496732026145 0.16482843137254902 0.29330065359477125
512 0.7997855392156863 0.3897058823529412 0.1449142156862745 0.24673202614379086
512 0.8860294117647058 0.3946078431372549 0.08762254901960784 0.2034313725490196
512 0.9560355392156863 0.3929738562091503 0.07261029411764706 0.20669934640522877
511 0.07368259803921569 0.6296977124183006 0.14736519607843138 0.306781045751634
511 0.23728553921568626 0.6331699346405228 0.1798406862745098 0.29983660130718953
511 0.6410845588235294 0.37990196078431376 0.14246323529411764 0.24673202614379086