526 0.0625 0.1948529411764706 0.125 0.3700980392156863
526 0.1997549019607843 0.20159313725490197 0.15992647058823528 0.3901143790849673
527 0.06740196078431372 0.7448937908496732 0.12990196078431374 0.38357843137254904
527 0.20603553921568626 0.6797385620915033 0.1326593137254902 0.26633986928104575
520 0.4260110294117647 0.8696895424836601 0.38756127450980393 0.25326797385620914
520 0.8011642156862745 0.8615196078431373 0.39767156862745096 0.25653594771241833
520 0.41222426470588236 0.6999591503267975 0.29503676470588236 0.10008169934640523
520 0.7224264705882353 0.6981209150326798 0.31985294117647056 0.08986928104575163
801 0.5412071078431373 0.3031045751633987 0.23743872549019607 0.25326797385620914
801 0.7685355392156863 0.2647058823529412 0.2423406862745098 0.3300653594771242
801 0.931219362745098 0.2949346405228758 0.13756127450980393 0.25