521 0.26485906862745096 0.36151960784313725 0.5150122549019608 0.25
521 0.2311580882352941 0.14644607843137256 0.4574142156862745 0.2397875816993464
528 0.6424632352941176 0.8049428104575164 0.3400735294117647 0.18995098039215688
528 0.5923713235294118 0.6948529411764706 0.2650122549019608 0.08333333333333334
528 0.5686274509803921 0.6213235294117647 0.2426470588235294 0.08333333333333334
529 0.8886335784313726 0.8915441176470589 0.2227328431372549 0.18341503267973858
802 0.7372855392156863 0.36968954248366015 0.4298406862745098 0.21323529411764708
802 0.7411151960784313 0.14991830065359477 0.477328431372549 0.29983660130718953
799 0.09497549019607843 0.7814542483660131 0.18995098039215685 0.12990196078431374
799 0.08869485294117647 0.9215686274509804 0.17738970588235295 0.1568627450980392
799 0.31862745098039214 0.9064542483660131 0.30269607843137253 0.18709150326797386
799 0.3160232843137255 0.7614379084967321 0.27236519607843135 0.14297385620915032