541 0.1815767973856209 0.42861519607843135 0.35661764705882354 0.16727941176470587
541 0.18995098039215688 0.5736825980392157 0.37990196078431376 0.14246323529411764
545 0.539828431372549 0.5860906862745098 0.3337418300653595 0.10723039215686274
545 0.8431372549019608 0.6185661764705882 0.30637254901960786 0.09252450980392157
546 0.5833333333333334 0.9699754901960784 0.20669934640522877 0.06004901960784314
546 0.8165849673202614 0.9673713235294118 0.25980392156862747 0.06525735294117647
804 0.3263888888888889 0.9548100490196079 0.21323529411764708 0.07506127450980392
804 0.12479575163398693 0.7697610294117647 0.23651960784313728 0.10998774509803921
545 0.5647467320261438 0.43167892156862747 0.34681372549019607 0.22365196078431374
545 0.8558006535947713 0.46246936274509803 0.28839869281045755 0.23743872549019607
804 0.11478758169934641 0.9011948529411764 0.22630718954248366 0.17493872549019607
804 0.3339460784313726 0.827359068627451 0.2618464052287582 0.18474264705882354
546 0.5988562091503268 0.8385416666666666 0.2450980392156863 0.20526960784313725
546 0.8388480392156863 0.8517156862745098 0.27165032679738566 0.19362745098039216