113 0.0899203431372549 0.5014297385620915 0.1798406862745098 0.32312091503267976
113 0.06985294117647059 0.7881944444444444 0.13970588235294118 0.35008169934640526
114 0.20481004901960784 0.8615196078431373 0.2901348039215686 0.2099673202614379
114 0.27236519607843135 0.6981209150326798 0.24019607843137256 0.12990196078431374
114 0.29610906862745096 0.5631127450980392 0.21721813725490197 0.14665032679738563
115 0.5022977941176471 0.854779411764706 0.3048406862745098 0.21691176470588236
115 0.514859068627451 0.6848447712418301 0.23988970588235295 0.13684640522875818
115 0.5173100490196079 0.539828431372549 0.22518382352941177 0.15318627450980393
116 0.8224571078431372 0.8631535947712419 0.32506127450980393 0.19362745098039216
116 0.7837009803921569 0.6881127450980392 0.2824754901960784 0.17034313725490197
116 0.7435661764705882 0.5582107843137255 0.22732843137254902 0.11642156862745098
98 0.9336703431372549 0.5016339869281046 0.1326593137254902 0.16993464052287582