577 0.2113970588235294 0.23743872549019607 0.24305555555555555 0.09987745098039215
577 0.48978758169934644 0.2110906862745098 0.3464052287581699 0.14767156862745098
574 0.8731617647058824 0.2149203431372549 0.2536764705882353 0.11488970588235294
578 0.2749183006535948 0.727328431372549 0.2834967320261438 0.11519607843137254
578 0.5980392156862745 0.9424019607843137 0.2965686274509804 0.11519607843137254
542 0.09660947712418301 0.4535845588235294 0.18668300653594772 0.08241421568627451
571 0.8433415032679739 0.5134803921568627 0.3133169934640523 0.09252450980392157
574 0.8739787581699346 0.037837009803921566 0.2520424836601307 0.07383578431372549
574 0.8715277777777778 0.12300857843137254 0.2569444444444445 0.07628676470588235
571 0.8915441176470589 0.6061580882352942 0.21691176470588236 0.10263480392156862
578 0.2930964052287582 0.5785845588235294 0.3402777777777778 0.1951593137254902
578 0.2689950980392157 0.8930759803921569 0.3214869281045752 0.21384803921568626
578 0.6015114379084967 0.7717524509803921 0.4268790849673203 0.23590686274509803
578 0.5531045751633987 0.4961703431372549 0.21650326797385622 0.13511029411764705