578 0.8249080882352942 0.29983660130718953 0.22518382352941177 0.20016339869281047
578 0.8098958333333334 0.49325980392156865 0.1798406862745098 0.15318627450980393
542 0.5523897058823529 0.7314133986928105 0.24019607843137256 0.17687908496732027
542 0.29105392156862747 0.7430555555555556 0.2775735294117647 0.20016339869281047
542 0.08118872549019608 0.7279411764705882 0.16237745098039216 0.2099673202614379
542 0.11871936274509803 0.2749183006535948 0.23743872549019607 0.2034313725490196
542 0.38480392156862747 0.2281454248366013 0.125 0.11642156862745098
542 0.5185355392156863 0.23304738562091504 0.14246323529411764 0.11968954248366014
542 0.09099264705882353 0.4965277777777778 0.1801470588235294 0.27001633986928103
542 0.28431372549019607 0.5189950980392157 0.28125 0.26838235294117646
542 0.5536151960784313 0.5106209150326797 0.2549019607843137 0.2647058823529412
578 0.8161764705882353 0.6989379084967321 0.24754901960784315 0.28839869281045755
578 0.9555759803921569 0.2714460784313726 0.08884803921568628 0.16707516339869283