579 0.04610906862745098 0.8080065359477124 0.09221813725490197 0.16993464052287582
579 0.03615196078431372 0.6464460784313726 0.07230392156862744 0.1801470588235294
579 0.032475490196078434 0.47303921568627455 0.06495098039215687 0.17973856209150327
579 0.1248468137254902 0.46977124183006536 0.11979166666666667 0.17973856209150327
579 0.13112745098039216 0.6415441176470589 0.11764705882352941 0.17687908496732027
579 0.13863357843137256 0.8082107843137255 0.10753676470588235 0.17687908496732027
580 0.3685661764705882 0.789828431372549 0.09252450980392157 0.19975490196078433
580 0.2786458333333333 0.6031454248366013 0.10263480392156862 0.15972222222222224
580 0.3786764705882353 0.6031454248366013 0.0974264705882353 0.16707516339869283
580 0.2974877450980392 0.4497549019607843 0.09497549019607843 0.13970588235294118
580 0.3949142156862745 0.4497549019607843 0.0900735294117647 0.13970588235294118
581 0.8973651960784313 0.6764705882352942 0.08026960784313725 0.14705882352941177
581 0.9123774509803921 0.5279820261437909 0.06495098039215687 0.10988562091503268
581 0.9123774509803921 0.42647058823529416 0.06495098039215687 0.09313725490196079
581 0.9649203431372549 0.6697303921568628 0.0701593137254902 0.13357843137254902
581 0.9724264705882353 0.5247140522875817 0.05514705882352941 0.10988562091503268
509 0.13602941176470587 0.13480392156862744 0.1323529411764706 0.19035947712418302
509 0.3385416666666667 0.13643790849673204 0.12745098039215685 0.19362745098039216
509 0.49494485294117646 0.1513480392156863 0.10998774509803921 0.18995098039215688
509 0.618719362745098 0.15298202614379086 0.11243872549019608 0.1801470588235294
582 0.9085477941176471 0.12479575163398693 0.14736519607843138 0.23651960784313728
579 0.2685355392156863 0.8331290849673203 0.1326593137254902 0.2267156862745098
795 0.46737132352941174 0.8564133986928105 0.11488970588235294 0.2267156862745098
795 0.5897671568627451 0.8580473856209151 0.12990196078431374 0.22344771241830066
795 0.46737132352941174 0.6464460784313726 0.10018382352941177 0.1736111111111111
795 0.5761335784313726 0.6480800653594772 0.1173406862745098 0.18341503267973858
796 0.7185968137254902 0.8531454248366014 0.12775735294117646 0.2267156862745098
796 0.8511029411764706 0.8564133986928105 0.1323529411764706 0.2201797385620915
796 0.6948529411764706 0.6513480392156863 0.12009803921568628 0.17687908496732027
796 0.8111213235294118 0.6597222222222222 0.11243872549019608 0.16666666666666669
796 0.6885723039215687 0.49816176470588236 0.0977328431372549 0.1433823529411765
581 0.9724264705882353 0.43075980392156865 0.05514705882352941 0.09844771241830065
509 0.2662377450980392 0.16156045751633988 0.0625 0.13684640522875818
509 0.03722426470588235 0.13909313725490197 0.07261029411764706 0.18831699346405228
509 0.5873161764705882 0.03574346405228758 0.0974264705882353 0.06821895424836602
509 0.4961703431372549 0.03574346405228758 0.08486519607843138 0.06821895424836602