583 0.8636642156862745 0.7530637254901961 0.12254901960784313 0.19321895424836602
583 0.8786764705882353 0.5649509803921569 0.1323529411764706 0.21650326797385622
583 0.7348345588235294 0.7530637254901961 0.13020833333333334 0.19321895424836602
583 0.7411151960784313 0.5649509803921569 0.13725490196078433 0.2099673202614379
583 0.5935968137254902 0.6799428104575164 0.10753676470588235 0.18668300653594772
583 0.4860600490196078 0.6815767973856209 0.10263480392156862 0.18995098039215688
583 0.5049019607843137 0.48141339869281047 0.08517156862745098 0.1433823529411765
583 0.5899203431372549 0.48141339869281047 0.08486519607843138 0.1433823529411765
583 0.5497855392156863 0.3431372549019608 0.07996323529411764 0.13316993464052287
583 0.6348039215686274 0.3431372549019608 0.08517156862745098 0.13970588235294118
583 0.7397365196078431 0.32965686274509803 0.07996323529411764 0.12663398692810457
584 0.9424019607843137 0.36151960784313725 0.11519607843137254 0.19035947712418302
585 0.3785232843137255 0.6930147058823529 0.10263480392156862 0.15318627450980393
585 0.27481617647058826 0.6997549019607844 0.11519607843137254 0.15359477124183007
585 0.1761642156862745 0.6981209150326798 0.09252450980392157 0.1503267973856209
585 0.07490808823529412 0.7048611111111112 0.10998774509803921 0.15645424836601307
585 0.37224264705882354 0.5449346405228759 0.09497549019607843 0.16993464052287582
585 0.37362132352941174 0.3764297385620915 0.10753676470588235 0.1801470588235294
585 0.2660845588235294 0.5465686274509804 0.11243872549019608 0.16666666666666669
585 0.25612745098039214 0.3796977124183007 0.11274509803921569 0.1801470588235294
585 0.16482843137254902 0.548202614379085 0.09987745098039215 0.1568627450980392
585 0.14598651960784315 0.38480392156862747 0.10753676470588235 0.17647058823529413
585 0.06112132352941176 0.5514705882352942 0.1173406862745098 0.16339869281045752
585 0.04871323529411765 0.38991013071895425 0.0974264705882353 0.1801470588235294
584 0.9635416666666666 0.5365604575163399 0.06985294117647059 0.18995098039215688
584 0.9499080882352942 0.6838235294117647 0.08731617647058823 0.16830065359477125
584 0.8080575980392157 0.32230392156862747 0.05361519607843137 0.125