593 0.8462009803921569 0.8049428104575164 0.3075980392156863 0.26348039215686275
593 0.8448223039215687 0.596609477124183 0.29993872549019607 0.18668300653594772
593 0.7835477941176471 0.3498774509803922 0.25765931372549017 0.15318627450980393
596 0.37362132352941174 0.7230392156862745 0.14736519607843138 0.21323529411764708
816 0.5649509803921569 0.8198529411764706 0.21997549019607843 0.13316993464052287
816 0.5585171568627451 0.701388888888889 0.19240196078431374 0.12336601307189543
864 0.10309436274509803 0.47794117647058826 0.08118872549019608 0.08006535947712419
864 0.15058210784313725 0.44730392156862747 0.05116421568627451 0.07189542483660132
864 0.09865196078431372 0.5541258169934641 0.0625 0.06495098039215687
864 0.0666360294117647 0.8155637254901961 0.10386029411764705 0.15155228758169936
864 0.18045343137254902 0.539828431372549 0.061274509803921566 0.09027777777777778
864 0.13174019607843138 0.7508169934640523 0.061274509803921566 0.12173202614379085
593 0.7841605392156863 0.47058823529411764 0.23621323529411764 0.09477124183006536
594 0.9586397058823529 0.3415032679738562 0.08272058823529412 0.06699346405228758
594 0.952359068627451 0.44138071895424835 0.09528186274509803 0.06004901960784314