23 0.11642156862745098 0.07245710784313725 0.17320261437908496 0.1449142156862745
23 0.2879901960784314 0.07613357843137254 0.16993464052287582 0.14246323529411764
23 0.4616013071895425 0.07981004901960784 0.16993464052287582 0.14981617647058823
24 0.6180555555555556 0.0974264705882353 0.12336601307189543 0.125
24 0.7330473856209151 0.10248161764705882 0.10008169934640523 0.10998774509803921
24 0.8564133986928105 0.08118872549019608 0.1270424836601307 0.15747549019607843
25 0.16319444444444445 0.44362745098039214 0.1736111111111111 0.21752450980392157
25 0.3366013071895425 0.4499080882352941 0.17320261437908496 0.20986519607843138
26 0.5165441176470589 0.3310355392156863 0.15318627450980393 0.14736519607843138
26 0.5114379084967321 0.4811580882352941 0.16339869281045752 0.14736519607843138
26 0.6797385620915033 0.33731617647058826 0.16013071895424838 0.15012254901960784
26 0.6764705882352942 0.48360906862745096 0.16013071895424838 0.14736519607843138
26 0.8280228758169935 0.49111519607843135 0.12336601307189543 0.12745098039215685
26 0.8147467320261438 0.3622855392156863 0.09681372549019608 0.11488970588235294
26 0.9499591503267975 0.4935661764705882 0.10008169934640523 0.1323529411764706
27 0.644812091503268 0.7248774509803921 0.12377450980392157 0.15992647058823528
27 0.6348039215686274 0.8635110294117647 0.12336601307189543 0.13756127450980393
27 0.7765522875816994 0.727328431372549 0.13970588235294118 0.16482843137254902
27 0.7647058823529412 0.8610600490196079 0.12336601307189543 0.14736519607843138
28 0.9199346405228759 0.7086397058823529 0.16013071895424838 0.16727941176470587
28 0.9164624183006537 0.858609068627451 0.16707516339869283 0.16268382352941177
731 0.1264297385620915 0.6698835784313726 0.1270424836601307 0.11488970588235294
731 0.25980392156862747 0.6735600490196079 0.12663398692810457 0.1173406862745098
731 0.12316176470588236 0.7735906862745098 0.1270424836601307 0.09252450980392157
731 0.25653594771241833 0.7786458333333334 0.12663398692810457 0.10263480392156862
731 0.12316176470588236 0.8760723039215687 0.1270424836601307 0.0977328431372549
731 0.25653594771241833 0.8774509803921569 0.12663398692810457 0.09497549019607843
732 0.38991013071895425 0.7185968137254902 0.10661764705882354 0.16268382352941177
732 0.3880718954248366 0.8572303921568627 0.11683006535947713 0.125
732 0.5181781045751634 0.7224264705882353 0.11642156862745098 0.15992647058823528
732 0.5114379084967321 0.8636642156862745 0.12336601307189543 0.1323529411764706
874 0.03901143790849673 0.3405330882352941 0.07475490196078431 0.14368872549019607
874 0.04064542483660131 0.48682598039215685 0.07802287581699346 0.12867647058823528
875 0.03165849673202614 0.8518688725490196 0.06004901960784314 0.14613970588235295