607 0.4564950980392157 0.8074448529411764 0.19321895424836602 0.20006127450980393
607 0.45976307189542487 0.6698835784313726 0.1736111111111111 0.07506127450980392
608 0.9048202614379085 0.6599264705882353 0.19035947712418302 0.09497549019607843
604 0.3131127450980392 0.4623161764705882 0.1736111111111111 0.06004901960784314
604 0.3331290849673203 0.41360294117647056 0.13357843137254902 0.042279411764705885
604 0.33639705882352944 0.36994485294117646 0.14665032679738563 0.04503676470588235
604 0.33496732026143794 0.32735906862745096 0.16993464052287582 0.040134803921568624
604 0.3415032679738562 0.28599877450980393 0.16993464052287582 0.04258578431372549
605 0.5633169934640523 0.47855392156862747 0.286764705882353 0.07230392156862744
605 0.5633169934640523 0.40870098039215685 0.29330065359477125 0.06740196078431372
605 0.5531045751633987 0.35738357843137253 0.24019607843137256 0.040134803921568624
605 0.5498366013071896 0.3174019607843137 0.21323529411764708 0.03982843137254902
605 0.5381944444444444 0.27098651960784315 0.20302287581699346 0.047487745098039214
605 0.5381944444444444 0.22365196078431374 0.20302287581699346 0.05269607843137255
605 0.5547385620915033 0.17356004901960784 0.2099673202614379 0.05238970588235294
606 0.7914624183006537 0.45986519607843135 0.18341503267973858 0.05024509803921569
606 0.7963643790849674 0.4097732843137255 0.19321895424836602 0.049938725490196074
606 0.7933006535947713 0.3635110294117647 0.21323529411764708 0.05238970588235294
608 0.6597222222222222 0.8160232843137255 0.20016339869281047 0.16758578431372548
608 0.6399101307189543 0.6573223039215687 0.18668300653594772 0.08486519607843138
821 0.19812091503267976 0.8886335784313726 0.23692810457516342 0.21231617647058823
821 0.2281454248366013 0.6973039215686274 0.22344771241830066 0.15992647058823528
870 0.9121732026143791 0.9024203431372549 0.16830065359477125 0.1951593137254902
870 0.889093137254902 0.7342218137254902 0.2218137254901961 0.11611519607843138
603 0.08231209150326797 0.33425245098039214 0.1613562091503268 0.058823529411764705
603 0.08149509803921569 0.3831188725490196 0.15972222222222224 0.04136029411764706