112 0.2385110294117647 0.06658496732026144 0.2074142156862745 0.13316993464052287
112 0.44485294117647056 0.06821895424836602 0.20526960784313725 0.13643790849673204
117 0.08363970588235294 0.48141339869281047 0.1525735294117647 0.13684640522875818
118 0.8036151960784313 0.3464052287581699 0.15747549019607843 0.13316993464052287
118 0.821078431372549 0.4797794117647059 0.12254901960784313 0.13357843137254902
118 0.9361213235294118 0.3480392156862745 0.10753676470588235 0.12336601307189543
118 0.9387254901960784 0.48161764705882354 0.12254901960784313 0.12990196078431374
119 0.08241421568627451 0.8731617647058824 0.15992647058823528 0.1801470588235294
120 0.258578431372549 0.8631535947712419 0.19240196078431374 0.17973856209150327
120 0.3010110294117647 0.7481617647058824 0.2074142156862745 0.13684640522875818
120 0.2997855392156863 0.6664624183006537 0.17003676470588236 0.07312091503267974
120 0.45848651960784315 0.6997549019607844 0.1724877450980392 0.13316993464052287
120 0.44730392156862747 0.8631535947712419 0.1948529411764706 0.17320261437908496
120 0.6498161764705882 0.7481617647058824 0.1948529411764706 0.11642156862745098
121 0.6560968137254902 0.8780637254901961 0.19761029411764705 0.14991830065359477
121 0.7999387254901961 0.7716503267973857 0.12009803921568628 0.12990196078431374
121 0.758578431372549 0.6499183006535948 0.12254901960784313 0.08006535947712419
121 0.6197916666666666 0.6548202614379085 0.12990196078431374 0.07679738562091504
119 0.16222426470588236 0.6580882352941176 0.10998774509803921 0.07026143790849673
97 0.6611519607843137 0.06985294117647059 0.21262254901960784 0.13970588235294118
97 0.8711703431372549 0.06821895424836602 0.2074142156862745 0.13643790849673204
741 0.26485906862745096 0.35151143790849676 0.22028186274509803 0.14991830065359477
741 0.26731004901960786 0.491421568627451 0.20986519607843138 0.14297385620915032
741 0.4612438725490196 0.48161764705882354 0.1724877450980392 0.12990196078431374
741 0.4661458333333333 0.3598856209150327 0.16268382352941177 0.12663398692810457
741 0.6348039215686274 0.35641339869281047 0.1801470588235294 0.13357843137254902
741 0.6511948529411765 0.48815359477124187 0.2074142156862745 0.14297385620915032
740 0.07092524509803921 0.07659313725490197 0.1400122549019608 0.14011437908496732