616 0.11151960784313726 0.07613357843137254 0.17647058823529413 0.15226715686274508
622 0.1746323529411765 0.5022977941176471 0.18341503267973858 0.29503676470588236
622 0.32822712418300654 0.5010723039215687 0.15645424836601307 0.3023897058823529
622 0.48651960784313725 0.46737132352941174 0.13316993464052287 0.2699142156862745
623 0.6879084967320261 0.5485600490196079 0.2099673202614379 0.2074142156862745
623 0.883169934640523 0.5485600490196079 0.20669934640522877 0.21231617647058823
624 0.3596813725490196 0.875 0.13357843137254902 0.25
624 0.48304738562091504 0.8635110294117647 0.11968954248366014 0.23743872549019607
625 0.6348039215686274 0.8762254901960784 0.12990196078431374 0.24754901960784315
625 0.7514297385620915 0.8598345588235294 0.10988562091503268 0.23008578431372548
625 0.8666258169934641 0.8673406862745098 0.14011437908496732 0.24509803921568626