121 0.2261029411764706 0.7314133986928105 0.19730392156862744 0.17687908496732027
121 0.22732843137254902 0.5563725490196079 0.1948529411764706 0.17320261437908496
122 0.49984681372549017 0.8698937908496732 0.3397671568627451 0.2602124183006536
122 0.4960171568627451 0.5931372549019608 0.3474264705882353 0.29330065359477125
122 0.8348651960784313 0.8016748366013072 0.33026960784313725 0.31004901960784315
122 0.727328431372549 0.5379901960784313 0.11519607843137254 0.16993464052287582
118 0.20113357843137256 0.16973039215686275 0.25765931372549017 0.13357843137254902
118 0.20986519607843138 0.05494281045751634 0.2702205882352941 0.10988562091503268
118 0.4548100490196078 0.17830882352941177 0.2552083333333333 0.1433823529411765
118 0.4574142156862745 0.061478758169934644 0.21997549019607843 0.11642156862745098
118 0.7049632352941176 0.18484477124183007 0.25 0.13031045751633988
118 0.6861213235294118 0.06658496732026144 0.23253676470588236 0.13316993464052287