55 0.8598856209150327 0.3598345588235294 0.28022875816993464 0.2601102941176471
55 0.588031045751634 0.37362132352941174 0.27655228758169936 0.25275735294117646
55 0.5780228758169935 0.1248468137254902 0.2900326797385621 0.24479166666666666
627 0.9248366013071896 0.7598039215686274 0.1503267973856209 0.16482843137254902
627 0.9131944444444444 0.6236213235294118 0.14011437908496732 0.0977328431372549
626 0.7448937908496732 0.9097732843137255 0.18995098039215688 0.1449142156862745
626 0.7479575163398693 0.6623774509803921 0.2099673202614379 0.15502450980392157
626 0.5563725490196079 0.6636029411764706 0.20669934640522877 0.1525735294117647
626 0.5565767973856209 0.7912071078431372 0.19321895424836602 0.13756127450980393
626 0.5631127450980392 0.9097732843137255 0.1801470588235294 0.13511029411764705
43 0.3314950980392157 0.7234987745098039 0.26348039215686275 0.23743872549019607
43 0.3431372549019608 0.9123774509803921 0.21977124183006536 0.17524509803921567
43 0.13643790849673204 0.6835171568627451 0.16666666666666669 0.16237745098039216
825 0.3480392156862745 0.38985906862745096 0.2034313725490196 0.23988970588235295
825 0.14991830065359477 0.3910845588235294 0.25326797385620914 0.2423406862745098
825 0.12316176470588236 0.13618259803921567 0.2397875816993464 0.27236519607843135
825 0.32659313725490197 0.13618259803921567 0.2332516339869281 0.26746323529411764
43 0.04166666666666667 0.6891850490196079 0.08006535947712419 0.16881127450980393