55 0.9348958333333334 0.6115196078431373 0.13020833333333334 0.2834967320261438
55 0.8123468137254902 0.6115196078431373 0.1449142156862745 0.2834967320261438
55 0.7873774509803921 0.3480392156862745 0.15012254901960784 0.25653594771241833
52 0.6597732843137255 0.434640522875817 0.1400122549019608 0.2034313725490196
52 0.6786151960784313 0.6431781045751634 0.1525735294117647 0.2397875816993464
52 0.5297181372549019 0.4581290849673203 0.125 0.19648692810457516
52 0.40609681372549017 0.6531862745098039 0.13756127450980393 0.20669934640522877
52 0.40349264705882354 0.4548611111111111 0.12745098039215685 0.19648692810457516
628 0.2536764705882353 0.6147875816993464 0.15747549019607843 0.2965686274509804
628 0.08869485294117647 0.6064133986928105 0.17738970588235295 0.306781045751634
628 0.10232843137254902 0.32312091503267976 0.17524509803921567 0.29330065359477125