628 0.5816993464052288 0.15992647058823528 0.25 0.2849264705882353
628 0.32312091503267976 0.14981617647058823 0.25980392156862747 0.289828431372549
54 0.09660947712418301 0.14736519607843138 0.19321895424836602 0.29473039215686275
52 0.8331290849673203 0.19868259803921567 0.2667483660130719 0.2025122549019608
52 0.8249591503267975 0.06372549019607843 0.22344771241830066 0.12745098039215685
54 0.2465277777777778 0.8135723039215687 0.1801470588235294 0.26746323529411764
825 0.8915441176470589 0.6210171568627451 0.21691176470588236 0.2824754901960784
825 0.8931781045751634 0.868719362745098 0.21364379084967322 0.26256127450980393
825 0.6746323529411765 0.8723958333333334 0.22998366013071897 0.2552083333333333
825 0.6746323529411765 0.6272977941176471 0.22998366013071897 0.29503676470588236
825 0.443014705882353 0.8612132352941176 0.2332516339869281 0.2775735294117647