54 0.3198529411764706 0.34987745098039214 0.17320261437908496 0.21997549019607843
43 0.8298611111111112 0.696078431372549 0.2667483660130719 0.22242647058823528
43 0.8098447712418301 0.8748468137254902 0.2201797385620915 0.19025735294117646
43 0.5947712418300654 0.8573835784313726 0.23692810457516342 0.27481617647058826
43 0.5915032679738562 0.6524203431372549 0.18300653594771243 0.1400122549019608
43 0.3845996732026144 0.8399203431372549 0.18341503267973858 0.23988970588235295
43 0.19975490196078433 0.8334865196078431 0.18627450980392157 0.23743872549019607
43 0.39481209150326796 0.6510416666666666 0.17034313725490197 0.1323529411764706
43 0.22140522875816995 0.6498161764705882 0.16993464052287582 0.12990196078431374
826 0.09313725490196079 0.375 0.17973856209150327 0.25
825 0.5181781045751634 0.3710171568627451 0.21691176470588236 0.24754901960784315
825 0.729779411764706 0.3711703431372549 0.2201797385620915 0.25765931372549017
825 0.7330473856209151 0.125 0.2397875816993464 0.25
825 0.9215686274509804 0.11994485294117647 0.1568627450980392 0.23988970588235295
629 0.05821078431372549 0.8322610294117647 0.11642156862745098 0.2349877450980392
629 0.07148692810457516 0.6510416666666666 0.14297385620915032 0.12745098039215685