626 0.09987745098039215 0.12990196078431374 0.1997549019607843 0.25980392156862747
43 0.8511029411764706 0.5063316993464052 0.16727941176470587 0.2732843137254902
43 0.7048100490196079 0.5065359477124183 0.1449142156862745 0.25980392156862747
43 0.7285539215686274 0.8031045751633987 0.15747549019607843 0.33333333333333337
629 0.5736825980392157 0.7998366013071896 0.14736519607843138 0.33333333333333337
629 0.5674019607843137 0.5049019607843137 0.13480392156862744 0.25653594771241833
41 0.3385416666666667 0.8247549019607844 0.14767156862745098 0.3031045751633987
41 0.4310661764705882 0.5332924836601307 0.12745098039215685 0.2667483660130719
41 0.4410232843137255 0.7581699346405228 0.11243872549019608 0.2034313725490196
41 0.3135723039215686 0.5281862745098039 0.1326593137254902 0.2630718954248366
630 0.17110906862745098 0.8331290849673203 0.1724877450980392 0.2732843137254902
630 0.1948529411764706 0.5831290849673203 0.13970588235294118 0.2267156862745098
630 0.06985294117647059 0.5831290849673203 0.13970588235294118 0.2267156862745098
630 0.049938725490196074 0.8431372549019608 0.09987745098039215 0.28022875816993464
826 0.7748161764705882 0.1198937908496732 0.1801470588235294 0.2397875816993464
826 0.6061580882352942 0.12316176470588236 0.16268382352941177 0.24632352941176472
54 0.9122242647058824 0.1198937908496732 0.1400122549019608 0.23651960784313728
43 0.9598651960784313 0.5040849673202614 0.08026960784313725 0.28513071895424835