626 0.9074754901960784 0.8065767973856209 0.18504901960784315 0.3598856209150327
626 0.9111519607843137 0.5030637254901961 0.17769607843137256 0.3533496732026144
626 0.6985294117647058 0.8049428104575164 0.2426470588235294 0.35008169934640526
626 0.7061887254901961 0.48978758169934644 0.25245098039215685 0.33986928104575165
626 0.8774509803921569 0.19138071895424838 0.2150735294117647 0.28308823529411764
626 0.6698835784313726 0.1962826797385621 0.1951593137254902 0.2732843137254902
630 0.4810049019607843 0.7516339869281046 0.1525735294117647 0.25
630 0.49494485294117646 0.2847222222222222 0.13511029411764705 0.21650326797385622
630 0.32735906862745096 0.7446895424836601 0.15471813725490197 0.2434640522875817
630 0.32735906862745096 0.5114379084967321 0.15471813725490197 0.2434640522875817
630 0.1760110294117647 0.5114379084967321 0.1724877450980392 0.2434640522875817
630 0.3622855392156863 0.28308823529411764 0.13511029411764705 0.20669934640522877