631 0.9324448529411764 0.6815767973856209 0.13511029411764705 0.3631535947712418
631 0.9387254901960784 0.3263888888888889 0.12254901960784313 0.36683006535947715
631 0.7673100490196079 0.6815767973856209 0.20986519607843138 0.3631535947712418
631 0.7761948529411764 0.32312091503267976 0.23743872549019607 0.3929738562091503
632 0.577359068627451 0.6897467320261438 0.16513480392156862 0.3263888888888889
632 0.4174325980392157 0.701388888888889 0.16513480392156862 0.3431372549019608
632 0.41237745098039214 0.3631535947712418 0.17524509803921567 0.35294117647058826
631 0.24096200980392157 0.7832924836601307 0.1724877450980392 0.19321895424836602
631 0.2385110294117647 0.6113153594771242 0.1724877450980392 0.18341503267973858
631 0.2385110294117647 0.43647875816993464 0.17738970588235295 0.1801470588235294
631 0.2310049019607843 0.24142156862745098 0.18259803921568626 0.2099673202614379
631 0.07873774509803921 0.7798202614379085 0.15747549019607843 0.18627450980392157
631 0.07613357843137254 0.6149918300653595 0.15226715686274508 0.18341503267973858
631 0.07613357843137254 0.4397467320261438 0.15226715686274508 0.19321895424836602