632 0.6564542483660131 0.6861213235294118 0.26633986928104575 0.3177083333333333
632 0.6697303921568628 0.9087009803921569 0.2536764705882353 0.18259803921568626
631 0.39808006535947715 0.6035539215686274 0.24305555555555555 0.16237745098039216
631 0.4097222222222222 0.7536764705882353 0.24019607843137256 0.16237745098039216
631 0.414624183006536 0.8973651960784313 0.2434640522875817 0.16482843137254902
631 0.18137254901960784 0.7360600490196079 0.23692810457516342 0.18229166666666666
631 0.17973856209150327 0.8874080882352942 0.22630718954248366 0.1449142156862745
633 0.6564542483660131 0.15747549019607843 0.286764705882353 0.31495098039215685
633 0.3931781045751634 0.16988357843137256 0.2798202614379085 0.32015931372549017
633 0.14808006535947713 0.18489583333333334 0.27655228758169936 0.29503676470588236
39 0.8907271241830066 0.15471813725490197 0.21854575163398693 0.3075980392156863
38 0.04330065359477124 0.6511948529411765 0.08333333333333334 0.3048406862745098