38 0.16099877450980393 0.5063316993464052 0.26256127450980393 0.39338235294117646
38 0.17861519607843138 0.8398692810457516 0.24754901960784315 0.32026143790849676
38 0.3972120098039216 0.4965277777777778 0.2349877450980392 0.3803104575163399
38 0.4022671568627451 0.8314950980392157 0.21997549019607843 0.33700980392156865
38 0.6161151960784313 0.4846813725490196 0.2077205882352941 0.35661764705882354
38 0.6173406862745098 0.8198529411764706 0.20526960784313725 0.3602941176470588
631 0.8048406862745098 0.8848039215686275 0.15502450980392157 0.17647058823529413
631 0.8023897058823529 0.729779411764706 0.16482843137254902 0.1801470588235294
631 0.8010110294117647 0.5696486928104575 0.16758578431372548 0.18668300653594772
631 0.9399509803921569 0.8764297385620915 0.12009803921568628 0.1801470588235294
631 0.9399509803921569 0.7181372549019608 0.12009803921568628 0.16993464052287582
631 0.9399509803921569 0.5580065359477124 0.12009803921568628 0.16993464052287582
631 0.9299938725490196 0.3880718954248366 0.1400122549019608 0.16339869281045752