38 0.8348651960784313 0.8582516339869282 0.18504901960784315 0.2834967320261438
38 0.8397671568627451 0.5863970588235294 0.18995098039215685 0.306781045751634
38 0.6536458333333334 0.8598856209150327 0.18229166666666666 0.28022875816993464
38 0.6573223039215687 0.5863970588235294 0.1798406862745098 0.306781045751634
38 0.4973958333333333 0.8731617647058824 0.13511029411764705 0.2536764705882353
38 0.49984681372549017 0.6166258169934641 0.13511029411764705 0.2732843137254902
38 0.3635110294117647 0.8715277777777778 0.14246323529411764 0.2569444444444445
38 0.3622855392156863 0.6131535947712419 0.1449142156862745 0.286764705882353
38 0.22472426470588236 0.8566176470588236 0.1400122549019608 0.286764705882353
38 0.06495098039215687 0.9383169934640523 0.12990196078431374 0.12336601307189543
38 0.07490808823529412 0.8131127450980392 0.14981617647058823 0.15318627450980393
38 0.07735906862745098 0.672998366013072 0.15471813725490197 0.14665032679738563
38 0.07735906862745098 0.5298202614379085 0.15471813725490197 0.14624183006535948
636 0.38985906862745096 0.16482843137254902 0.10508578431372549 0.14991830065359477
636 0.5124080882352942 0.1198937908496732 0.1449142156862745 0.2397875816993464
636 0.6511948529411765 0.12152777777777778 0.13756127450980393 0.24305555555555555
634 0.9336703431372549 0.12316176470588236 0.1326593137254902 0.24632352941176472
827 0.13863357843137256 0.14991830065359477 0.2772671568627451 0.16013071895424838
634 0.7985600490196079 0.12316176470588236 0.1326593137254902 0.24632352941176472
827 0.15793504901960784 0.04166666666666667 0.31403186274509803 0.08006535947712419
38 0.9586397058823529 0.8515114379084967 0.08272058823529412 0.29697712418300654