38 0.22651143790849673 0.6636029411764706 0.2732843137254902 0.27267156862745096
38 0.23141339869281047 0.8912377450980392 0.26348039215686275 0.21752450980392157
38 0.48978758169934644 0.8874080882352942 0.25326797385620914 0.22518382352941177
38 0.48978758169934644 0.6597732843137255 0.25326797385620914 0.2699142156862745
631 0.7248774509803921 0.9448529411764706 0.18995098039215688 0.11029411764705882
631 0.7265114379084967 0.8399203431372549 0.19975490196078433 0.13511029411764705
631 0.729779411764706 0.7198223039215687 0.19975490196078433 0.1449142156862745
631 0.9082924836601307 0.608609068627451 0.18341503267973858 0.12775735294117646
631 0.9131944444444444 0.7248774509803921 0.1736111111111111 0.125
631 0.9115604575163399 0.8422181372549019 0.17687908496732027 0.125
631 0.9097222222222222 0.9436274509803921 0.17320261437908496 0.11274509803921569
634 0.12479575163398693 0.2760416666666667 0.22998366013071897 0.24754901960784315
634 0.3464052287581699 0.27987132352941174 0.21323529411764708 0.2349877450980392
634 0.3464052287581699 0.0862438725490196 0.20669934640522877 0.1724877450980392
634 0.539828431372549 0.30223651960784315 0.16625816993464052 0.20496323529411764
634 0.5330882352941176 0.09987745098039215 0.16666666666666669 0.1997549019607843
633 0.7549019607843137 0.28109681372549017 0.2034313725490196 0.23253676470588236
633 0.7481617647058824 0.09375 0.20302287581699346 0.1875
633 0.9264705882352942 0.2823223039215686 0.14705882352941177 0.23008578431372548
633 0.8997140522875817 0.10110294117647059 0.10008169934640523 0.16237745098039216
38 0.05494281045751634 0.8831188725490196 0.10661764705882354 0.2337622549019608
38 0.05494281045751634 0.6609987745098039 0.10661764705882354 0.26256127450980393