633 0.08869485294117647 0.4581290849673203 0.17738970588235295 0.24305555555555555
633 0.12362132352941177 0.24816176470588236 0.17738970588235295 0.22998366013071897
633 0.258578431372549 0.45302287581699346 0.1875 0.24673202614379086
633 0.2847732843137255 0.2465277777777778 0.17003676470588236 0.2397875816993464
633 0.42110906862745096 0.46139705882352944 0.1326593137254902 0.22998366013071897
633 0.5487132352941176 0.48141339869281047 0.12254901960784313 0.18341503267973858
633 0.681219362745098 0.4732434640522876 0.14246323529411764 0.18668300653594772
633 0.5485600490196079 0.29330065359477125 0.1173406862745098 0.20669934640522877
636 0.5698529411764706 0.8415032679738562 0.16482843137254902 0.31699346405228757
636 0.7274816176470588 0.8449754901960784 0.17003676470588236 0.31004901960784315
633 0.7784926470588235 0.2397875816993464 0.12254901960784313 0.12009803921568628