31 0.5448835784313726 0.7397875816993464 0.16513480392156862 0.36683006535947715
31 0.5237438725490196 0.3715277777777778 0.1724877450980392 0.35008169934640526
31 0.7011335784313726 0.7146650326797386 0.1724877450980392 0.35661764705882354
31 0.8924632352941176 0.4464869281045752 0.2150735294117647 0.37990196078431376
31 0.8561580882352942 0.7481617647058824 0.1724877450980392 0.2569444444444445
33 0.3636642156862745 0.6429738562091504 0.1525735294117647 0.33333333333333337
33 0.20481004901960784 0.7763480392156863 0.20006127450980393 0.39338235294117646
33 0.0625 0.7730800653594772 0.125 0.39338235294117646
33 0.1485906862745098 0.25980392156862747 0.14276960784313725 0.21323529411764708
33 0.04610906862745098 0.25653594771241833 0.09221813725490197 0.21323529411764708
33 0.0586703431372549 0.4129901960784314 0.10753676470588235 0.12336601307189543