326 0.6423100490196079 0.6131535947712419 0.10998774509803921 0.5065359477124183
326 0.7522977941176471 0.6082516339869282 0.10998774509803921 0.49673202614379086
326 0.8411458333333334 0.5782271241830066 0.08241421568627451 0.44321895424836605
326 0.9373468137254902 0.5814950980392157 0.10998774509803921 0.4497549019607843
328 0.5386029411764706 0.7497957516339869 0.12745098039215685 0.3133169934640523
328 0.42356004901960786 0.7148692810457516 0.10753676470588235 0.2834967320261438
328 0.3160232843137255 0.7197712418300654 0.11243872549019608 0.30637254901960786
328 0.20481004901960784 0.7248774509803921 0.11979166666666667 0.30351307189542487
828 0.5124080882352942 0.11662581699346405 0.11488970588235294 0.2332516339869281
828 0.6311274509803921 0.11499183006535948 0.11764705882352941 0.22998366013071897
828 0.7772671568627451 0.11151960784313726 0.15502450980392157 0.22303921568627452
828 0.9235600490196079 0.11151960784313726 0.13756127450980393 0.22303921568627452
829 0.3874080882352941 0.1198937908496732 0.13511029411764705 0.2397875816993464
829 0.2624080882352941 0.12152777777777778 0.11488970588235294 0.24305555555555555
829 0.13618259803921567 0.11662581699346405 0.14246323529411764 0.2332516339869281