326 0.3235294117647059 0.6098856209150327 0.12745098039215685 0.5334967320261438
326 0.43734681372549017 0.6015114379084967 0.11488970588235294 0.5102124183006536
326 0.5499387254901961 0.5796568627450981 0.09987745098039215 0.45996732026143794
326 0.6498161764705882 0.5796568627450981 0.09987745098039215 0.4534313725490196
329 0.7573529411764706 0.5812908496732027 0.09497549019607843 0.45669934640522875
329 0.8511029411764706 0.5780228758169935 0.09252450980392157 0.45669934640522875
329 0.9411764705882353 0.5747549019607844 0.0974264705882353 0.4436274509803922
328 0.1724877450980392 0.7665441176470589 0.15502450980392157 0.3402777777777778
328 0.059895833333333336 0.7281454248366013 0.10998774509803921 0.31004901960784315
828 0.17861519607843138 0.09987745098039216 0.1323529411764706 0.19975490196078433
828 0.3072916666666667 0.10334967320261439 0.125 0.20669934640522877
828 0.44424019607843135 0.10988562091503268 0.15134803921568626 0.21650326797385622
828 0.5860906862745098 0.11315359477124183 0.15012254901960784 0.22303921568627452
829 0.7423406862745098 0.11580882352941177 0.16789215686274508 0.22834967320261437
828 0.8699448529411764 0.11744281045751634 0.08731617647058823 0.23161764705882354