106 0.125 0.8598345588235294 0.25 0.20986519607843138
106 0.1431781045751634 0.671109068627451 0.2863562091503268 0.16268382352941177
106 0.4581290849673203 0.6760110294117647 0.35661764705882354 0.17738970588235295
106 0.43137254901960786 0.858609068627451 0.3831699346405229 0.19761029411764705
106 0.8014705882352942 0.8435968137254902 0.3700980392156863 0.2227328431372549
106 0.7630718954248367 0.7074142156862745 0.25980392156862747 0.05514705882352941
103 0.35151143790849676 0.4010416666666667 0.39665032679738566 0.1875
103 0.7416258169934641 0.4010416666666667 0.3901143790849673 0.1875
103 0.35151143790849676 0.21875 0.39665032679738566 0.1875
103 0.7514297385620915 0.2074142156862745 0.40318627450980393 0.1948529411764706
103 0.07659313725490197 0.25995710784313725 0.15318627450980393 0.10998774509803921