605 0.11366421568627451 0.45302287581699346 0.22242647058823528 0.08660130718954248
605 0.11121323529411764 0.3631535947712418 0.21752450980392157 0.08660130718954248
604 0.33486519607843135 0.3596813725490196 0.21997549019607843 0.09354575163398693
604 0.3723958333333333 0.2849264705882353 0.1449142156862745 0.06985294117647059
649 0.5272671568627451 0.41482843137254904 0.15502450980392157 0.09027777777777778
649 0.5284926470588235 0.32802287581699346 0.15747549019607843 0.08986928104575163
649 0.5061274509803921 0.2397875816993464 0.16727941176470587 0.09967320261437909
649 0.7360600490196079 0.42483660130718953 0.19761029411764705 0.11029411764705882
649 0.696078431372549 0.3247549019607843 0.17769607843137256 0.09640522875816994
649 0.7011335784313726 0.23304738562091504 0.16758578431372548 0.10008169934640523
650 0.9198835784313726 0.4164624183006536 0.1602328431372549 0.10661764705882354
650 0.9174325980392156 0.3147467320261438 0.16513480392156862 0.10988562091503268
650 0.8799019607843137 0.22140522875816995 0.18504901960784315 0.08986928104575163
605 0.3324142156862745 0.4464869281045752 0.21997549019607843 0.09313725490196079
835 0.6761642156862745 0.9164624183006537 0.1525735294117647 0.16707516339869283
835 0.5248161764705882 0.8999183006535948 0.15502450980392157 0.20016339869281047
835 0.3961397058823529 0.8314950980392157 0.11764705882352941 0.1433823529411765
835 0.3872549019607843 0.6946486928104575 0.125 0.14991830065359477
835 0.2772671568627451 0.7965686274509804 0.12009803921568628 0.17973856209150327
835 0.19623161764705882 0.6764705882352942 0.10753676470588235 0.09967320261437909
835 0.19102328431372548 0.7747140522875817 0.08241421568627451 0.10334967320261439