605 0.2035845588235294 0.789828431372549 0.25275735294117646 0.14665032679738563
605 0.2110906862745098 0.9031862745098039 0.23774509803921567 0.11356209150326797
604 0.4724264705882353 0.7914624183006537 0.24509803921568626 0.13684640522875818
604 0.46859681372549017 0.6415441176470589 0.16758578431372548 0.09027777777777778
649 0.6436887254901961 0.6315359477124183 0.1875 0.11029411764705882
649 0.6685049019607843 0.7314133986928105 0.18259803921568626 0.10334967320261439
649 0.6747855392156863 0.826388888888889 0.16513480392156862 0.11356209150326797
649 0.90625 0.8713235294117647 0.1875 0.16339869281045752
649 0.8598345588235294 0.6348039215686274 0.1798406862745098 0.11029411764705882
649 0.8560049019607843 0.7265114379084967 0.19240196078431374 0.10008169934640523
640 0.3874080882352941 0.2465277777777778 0.1951593137254902 0.10661764705882354
640 0.5761335784313726 0.2647058823529412 0.1724877450980392 0.07679738562091504
640 0.8837316176470588 0.2079248366013072 0.23253676470588236 0.16993464052287582
605 0.47120098039215685 0.9048202614379085 0.25245098039215685 0.12336601307189543