640 0.14368872549019607 0.21977124183006536 0.28737745098039214 0.17320261437908496
640 0.4310661764705882 0.23651960784313728 0.2922794117647059 0.16013071895424838
640 0.7299325980392157 0.22140522875816995 0.29993872549019607 0.1968954248366013
649 0.13112745098039216 0.8913398692810458 0.2426470588235294 0.1568627450980392
649 0.16605392156862744 0.7448937908496732 0.19240196078431374 0.10988562091503268
649 0.15732230392156862 0.6464460784313726 0.20496323529411764 0.11315359477124183
650 0.36243872549019607 0.8897058823529412 0.21997549019607843 0.12663398692810457
650 0.3697916666666667 0.7730800653594772 0.21997549019607843 0.14665032679738563
650 0.35723039215686275 0.6415441176470589 0.18504901960784315 0.10988562091503268
651 0.5873161764705882 0.8815359477124183 0.21017156862745098 0.12990196078431374
651 0.5798100490196079 0.7565359477124183 0.20006127450980393 0.13970588235294118
651 0.5261948529411765 0.6280637254901961 0.14246323529411764 0.09027777777777778
652 0.7685355392156863 0.7430555555555556 0.17738970588235295 0.13970588235294118
652 0.7861519607843137 0.8631535947712419 0.1875 0.13316993464052287
652 0.9336703431372549 0.854779411764706 0.1326593137254902 0.13031045751633988
652 0.9273897058823529 0.7432598039215687 0.14522058823529413 0.11315359477124183
652 0.921109068627451 0.6348039215686274 0.15778186274509803 0.11683006535947713
652 0.6810661764705882 0.6198937908496732 0.1525735294117647 0.10008169934640523
640 0.9430147058823529 0.23223039215686275 0.11397058823529412 0.18831699346405228