640 0.39481209150326796 0.289828431372549 0.4097222222222222 0.13480392156862744
640 0.7998366013071896 0.27619485294117646 0.40032679738562094 0.14246323529411764
649 0.20629084967320263 0.7274816176470588 0.20669934640522877 0.07996323529411764
649 0.2079248366013072 0.6599264705882353 0.2099673202614379 0.06495098039215687
649 0.17647058823529413 0.5836397058823529 0.24019607843137256 0.08762254901960784
649 0.43137254901960786 0.7760416666666666 0.2900326797385621 0.12254901960784313
649 0.443014705882353 0.6636029411764706 0.2332516339869281 0.07720588235294118
649 0.43300653594771243 0.5897671568627451 0.24673202614379086 0.0900735294117647
650 0.7214052287581699 0.7987132352941176 0.3031045751633987 0.0974264705882353
650 0.7265114379084967 0.6997549019607843 0.3133169934640523 0.12009803921568628
650 0.6881127450980392 0.5897671568627451 0.2569444444444445 0.0900735294117647
651 0.9048202614379085 0.5635723039215687 0.19035947712418302 0.07751225490196079
640 0.11151960784313726 0.3249080882352941 0.17647058823529413 0.07506127450980392
640 0.04411764705882353 0.5798100490196079 0.08169934640522876 0.06770833333333333
640 0.06066176470588235 0.6649816176470588 0.11478758169934641 0.07261029411764706
640 0.056576797385620915 0.7261029411764706 0.10988562091503268 0.06004901960784314
651 0.9415849673202614 0.6992953431372549 0.11683006535947713 0.1210171568627451
651 0.9383169934640523 0.7930453431372549 0.12336601307189543 0.11611519607843138