533 0.8399203431372549 0.38643790849673204 0.32015931372549017 0.16013071895424838
533 0.5110294117647058 0.39481209150326796 0.3174019607843137 0.1433823529411765
533 0.20481004901960784 0.38643790849673204 0.29993872549019607 0.16013071895424838
533 0.8149509803921569 0.2914624183006536 0.2800245098039216 0.08292483660130719
533 0.5260416666666666 0.2879901960784314 0.27267156862745096 0.08986928104575163
533 0.24601715686274508 0.2863562091503268 0.2775735294117647 0.08660130718954248
653 0.7561274509803921 0.7881944444444444 0.1875 0.2569444444444445
653 0.5735294117647058 0.7998366013071896 0.18259803921568626 0.26633986928104575
653 0.5435049019607843 0.6348039215686274 0.12254901960784313 0.14379084967320263
654 0.2234987745098039 0.8731617647058824 0.1724877450980392 0.24632352941176472
655 0.06862745098039216 0.7630718954248367 0.13725490196078433 0.25980392156862747
836 0.3910845588235294 0.8198529411764706 0.1724877450980392 0.24673202614379086
836 0.39368872549019607 0.6331699346405228 0.1525735294117647 0.16666666666666669
837 0.05545343137254902 0.2238562091503268 0.1090686274509804 0.16176470588235295
837 0.04534313725490196 0.37316176470588236 0.08884803921568628 0.14991830065359477