656 0.08241421568627451 0.3131127450980392 0.16482843137254902 0.2267156862745098
533 0.5298713235294118 0.4131944444444445 0.32996323529411764 0.1736111111111111
533 0.837469362745098 0.3946078431372549 0.32506127450980393 0.16339869281045752
533 0.5373774509803921 0.3014705882352941 0.3002450980392157 0.09640522875816994
533 0.8123468137254902 0.2863562091503268 0.2650122549019608 0.08660130718954248
655 0.10738357843137254 0.8398692810457516 0.20986519607843138 0.286764705882353
655 0.30606617647058826 0.8049428104575164 0.19730392156862744 0.27655228758169936
654 0.4973958333333333 0.8866421568627452 0.1798406862745098 0.2267156862745098
653 0.8711703431372549 0.8082107843137255 0.2074142156862745 0.27655228758169936
653 0.7674632352941176 0.6531862745098039 0.125 0.16666666666666669
837 0.2786458333333333 0.23794934640522877 0.19270833333333334 0.18995098039215688
837 0.2849264705882353 0.40645424836601307 0.1801470588235294 0.15359477124183007
836 0.6747855392156863 0.8398692810457516 0.1798406862745098 0.25326797385620914
836 0.6185661764705882 0.6497140522875817 0.1525735294117647 0.15318627450980393
656 0.1017156862745098 0.4564950980392157 0.19362745098039216 0.13031045751633988