657 0.446078431372549 0.6480800653594772 0.22732843137254902 0.15645424836601307
657 0.43734681372549017 0.8498774509803921 0.2349877450980392 0.1801470588235294
658 0.21231617647058823 0.8415032679738562 0.2150735294117647 0.1568627450980392
658 0.22365196078431374 0.6748366013071896 0.21262254901960784 0.1568627450980392
659 0.23988970588235295 0.30637254901960786 0.15992647058823528 0.13316993464052287
659 0.22227328431372548 0.17647058823529413 0.16513480392156862 0.13316993464052287
660 0.38863357843137253 0.31147875816993464 0.15226715686274508 0.13031045751633988
660 0.3872549019607843 0.18831699346405228 0.15502450980392157 0.12336601307189543
660 0.5435049019607843 0.3082107843137255 0.15747549019607843 0.13684640522875818
660 0.5511642156862745 0.11968954248366014 0.1323529411764706 0.11356209150326797
660 0.7086397058823529 0.31147875816993464 0.16237745098039216 0.1433823529411765
660 0.8848039215686274 0.3082107843137255 0.1801470588235294 0.1433823529411765
660 0.8923100490196079 0.17973856209150327 0.1798406862745098 0.15359477124183007
660 0.7098651960784313 0.1881127450980392 0.16973039215686275 0.13684640522875818
660 0.7210477941176471 0.06331699346405228 0.17738970588235295 0.12663398692810457
838 0.7823223039215687 0.7630718954248367 0.3697916666666667 0.20016339869281047
838 0.7547487745098039 0.8997140522875817 0.3599877450980392 0.15318627450980393
660 0.5548406862745098 0.20465686274509803 0.11764705882352941 0.08006535947712419