514 0.30361519607843135 0.3263888888888889 0.21752450980392157 0.12663398692810457
514 0.5386029411764706 0.3331290849673203 0.21752450980392157 0.1270424836601307
514 0.7398897058823529 0.32822712418300654 0.1801470588235294 0.13684640522875818
513 0.9185049019607843 0.3247549019607843 0.15747549019607843 0.1568627450980392
513 0.8973651960784313 0.1881127450980392 0.1948529411764706 0.15645424836601307
518 0.10110294117647059 0.6797385620915033 0.20220588235294118 0.19362745098039216
518 0.09987745098039215 0.8564133986928105 0.1997549019607843 0.1736111111111111
518 0.3772977941176471 0.6848447712418301 0.3550857843137255 0.19648692810457516
518 0.3486519607843137 0.9115604575163399 0.41237745098039214 0.17687908496732027
518 0.7398897058823529 0.883169934640523 0.375 0.23366013071895425
518 0.7435661764705882 0.672998366013072 0.33762254901960786 0.19321895424836602
839 0.14736519607843138 0.16973039215686275 0.1997549019607843 0.19321895424836602
839 0.09497549019607843 0.31495098039215685 0.18995098039215685 0.12990196078431374