134 0.09987745098039215 0.7332516339869282 0.16482843137254902 0.45996732026143794
134 0.25980392156862747 0.7365196078431373 0.15502450980392157 0.4534313725490196
135 0.414828431372549 0.7064950980392157 0.12990196078431374 0.40645424836601307
135 0.5548406862745098 0.7397875816993464 0.14522058823529413 0.42647058823529416
136 0.7136948529411764 0.8398692810457516 0.13756127450980393 0.23366013071895425
136 0.8399203431372549 0.8398692810457516 0.1449142156862745 0.24019607843137256
136 0.9436274509803921 0.8331290849673203 0.11274509803921569 0.2332516339869281
136 0.9160539215686274 0.6215277777777778 0.12745098039215685 0.19648692810457516
743 0.1449142156862745 0.14991830065359477 0.1948529411764706 0.29983660130718953
743 0.3310355392156863 0.17483660130718956 0.17738970588235295 0.2900326797385621
744 0.5035232843137255 0.1746323529411765 0.16758578431372548 0.3165849673202614
744 0.6636029411764706 0.1881127450980392 0.17279411764705882 0.32312091503267976
744 0.8147977941176471 0.2013888888888889 0.17493872549019607 0.31699346405228757
745 0.9436274509803921 0.23304738562091504 0.11274509803921569 0.2798202614379085