667 0.05238970588235294 0.8349673202614379 0.09987745098039215 0.2965686274509804
667 0.07613357843137254 0.5698529411764706 0.11243872549019608 0.23366013071895425
668 0.1836703431372549 0.8464052287581699 0.13756127450980393 0.286764705882353
668 0.1873468137254902 0.5698529411764706 0.1400122549019608 0.26633986928104575
668 0.1873468137254902 0.3082107843137255 0.13511029411764705 0.26348039215686275
668 0.31862745098039214 0.8482434640522876 0.13725490196078433 0.30351307189542487
668 0.4548100490196078 0.8398692810457516 0.13020833333333334 0.286764705882353
668 0.31724877450980393 0.5714869281045751 0.1400122549019608 0.2630718954248366
668 0.4548100490196078 0.568218954248366 0.13511029411764705 0.25653594771241833
668 0.31985294117647056 0.3131127450980392 0.12990196078431374 0.2667483660130719
669 0.5897671568627451 0.8366013071895425 0.12990196078431374 0.286764705882353
669 0.7159926470588235 0.8331290849673203 0.12254901960784313 0.2798202614379085
669 0.8423713235294118 0.8282271241830066 0.13511029411764705 0.28308823529411764
669 0.9537377450980392 0.826593137254902 0.09252450980392157 0.2798202614379085
669 0.5860906862745098 0.5714869281045751 0.1323529411764706 0.25653594771241833
669 0.7123161764705882 0.5698529411764706 0.125 0.25980392156862747
669 0.7035845588235294 0.31495098039215685 0.1326593137254902 0.25653594771241833
669 0.8360906862745098 0.5665849673202614 0.1323529411764706 0.25980392156862747
669 0.9499080882352942 0.5647467320261438 0.10018382352941177 0.26348039215686275
670 0.7936580882352942 0.2665441176470588 0.07261029411764706 0.18668300653594772
670 0.9612438725490196 0.09150326797385622 0.07751225490196079 0.18300653594771243