668 0.11151960784313726 0.7985600490196079 0.17647058823529413 0.22763480392156862
668 0.11968954248366014 0.5899203431372549 0.20016339869281047 0.20986519607843138
669 0.3016748366013072 0.8074448529411764 0.18995098039215688 0.23008578431372548
669 0.4848856209150327 0.8048406862745098 0.17647058823529413 0.22977941176470587
669 0.6664624183006537 0.8123468137254902 0.1801470588235294 0.23008578431372548
669 0.8498774509803921 0.8186274509803921 0.1801470588235294 0.22242647058823528
669 0.3098447712418301 0.5935968137254902 0.1801470588235294 0.21231617647058823
669 0.4930555555555556 0.5960477941176471 0.17973856209150327 0.2025122549019608
669 0.8564133986928105 0.6049325980392157 0.19321895424836602 0.20986519607843138
670 0.6515522875816994 0.3486519607843137 0.12990196078431374 0.14767156862745098
670 0.9348447712418301 0.21721813725490197 0.13031045751633988 0.15502450980392157
669 0.4930555555555556 0.3910845588235294 0.17320261437908496 0.21231617647058823
669 0.8564133986928105 0.3998161764705882 0.19321895424836602 0.21017156862745098