667 0.5014297385620915 0.8086703431372549 0.17687908496732027 0.23253676470588236
667 0.6946486928104575 0.8011642156862745 0.19648692810457516 0.24754901960784315
667 0.12152777777777778 0.5948223039215687 0.19648692810457516 0.21476715686274508
667 0.31147875816993464 0.5998774509803921 0.18995098039215688 0.2150735294117647
667 0.5030637254901961 0.5923713235294118 0.18668300653594772 0.20986519607843138
667 0.6699346405228759 0.5811887254901961 0.16666666666666669 0.18259803921568626
667 0.12295751633986929 0.38112745098039214 0.20669934640522877 0.21262254901960784
667 0.3098447712418301 0.38480392156862747 0.19975490196078433 0.21997549019607843
667 0.49979575163398693 0.3861825980392157 0.18668300653594772 0.2074142156862745
668 0.8997140522875817 0.8186274509803921 0.19321895424836602 0.24754901960784315
668 0.8964460784313726 0.5949754901960784 0.20710784313725492 0.21997549019607843