484 0.39133986928104575 0.2348345588235294 0.4632352941176471 0.3648897058823529
484 0.8033088235294118 0.21614583333333334 0.39338235294117646 0.3673406862745098
73 0.2681781045751634 0.6236213235294118 0.20302287581699346 0.2772671568627451
73 0.4381127450980392 0.5661764705882353 0.15645424836601307 0.1875
73 0.6015114379084967 0.5635723039215687 0.18341503267973858 0.19270833333333334
73 0.8031045751633987 0.5698529411764706 0.20669934640522877 0.23529411764705882
77 0.22630718954248366 0.9136029411764706 0.286764705882353 0.17279411764705882
77 0.49979575163398693 0.8723958333333334 0.2397875816993464 0.11979166666666667
841 0.07495915032679738 0.5986519607843137 0.14665032679738563 0.15502450980392157
73 0.951593137254902 0.5572916666666666 0.09681372549019608 0.24754901960784315
487 0.10314542483660132 0.29932598039215685 0.20302287581699346 0.24877450980392157