487 0.1832107843137255 0.2697610294117647 0.3598856209150327 0.2650122549019608
487 0.5165441176470589 0.2735906862745098 0.3133169934640523 0.25245098039215685
484 0.8498774509803921 0.21982230392156862 0.3002450980392157 0.35018382352941174
73 0.6781045751633987 0.5974264705882353 0.21650326797385622 0.27512254901960786
73 0.8347630718954249 0.5511642156862745 0.13684640522875818 0.18259803921568626
73 0.9483251633986929 0.556219362745098 0.10334967320261439 0.2025122549019608
491 0.11478758169934641 0.8786764705882353 0.22303921568627452 0.19240196078431374
491 0.3331290849673203 0.8772977941176471 0.2267156862745098 0.1798406862745098
77 0.5931372549019608 0.8987438725490196 0.25326797385620914 0.2025122549019608
77 0.854779411764706 0.8748468137254902 0.26348039215686275 0.13511029411764705
841 0.4513888888888889 0.5635723039215687 0.17647058823529413 0.15226715686274508
841 0.2397875816993464 0.5323223039215687 0.22630718954248366 0.1400122549019608
841 0.07986111111111112 0.6511948529411765 0.15972222222222224 0.1724877450980392
841 0.25980392156862747 0.6372549019607843 0.20669934640522877 0.09497549019607843