73 0.5931372549019608 0.4548100490196078 0.25980392156862747 0.3697916666666667
73 0.769812091503268 0.38480392156862747 0.15972222222222224 0.289828431372549
73 0.9199346405228759 0.38495710784313725 0.16013071895424838 0.29993872549019607
77 0.48141339869281047 0.8411458333333334 0.31004901960784315 0.23743872549019607
77 0.7849264705882353 0.7924325980392157 0.31004901960784315 0.1449142156862745
491 0.15318627450980393 0.8149509803921569 0.29330065359477125 0.18504901960784315
841 0.29983660130718953 0.4387254901960784 0.22630718954248366 0.1875
841 0.08823529411764706 0.3760723039215686 0.17647058823529413 0.23253676470588236
841 0.09477124183006536 0.5248161764705882 0.17973856209150327 0.14767156862745098
487 0.37397875816993464 0.08042279411764706 0.46200980392156865 0.15900735294117646
484 0.8206699346405228 0.08103553921568628 0.35866013071895425 0.1602328431372549