594 0.12362132352941177 0.8615196078431373 0.24724264705882354 0.1568627450980392
594 0.17861519607843138 0.6848447712418301 0.23774509803921567 0.11642156862745098
594 0.20603553921568626 0.5347222222222222 0.22763480392156862 0.08333333333333334
594 0.22104779411764705 0.4564950980392157 0.21231617647058823 0.08700980392156862
594 0.4410232843137255 0.8198529411764706 0.26746323529411764 0.16666666666666669
594 0.4397977941176471 0.6881127450980392 0.23008578431372548 0.10988562091503268
594 0.44730392156862747 0.5798611111111112 0.21997549019607843 0.10661764705882354
594 0.4284620098039216 0.48651960784313725 0.2025122549019608 0.08660130718954248
640 0.7447916666666666 0.1948529411764706 0.2549019607843137 0.08333333333333334
640 0.743719362745098 0.09313725490196079 0.26256127450980393 0.13316993464052287
595 0.6510416666666666 0.7332516339869282 0.11764705882352941 0.16666666666666669
595 0.7861519607843137 0.7348856209150327 0.14767156862745098 0.17647058823529413
595 0.6423100490196079 0.5814950980392157 0.1400122549019608 0.13684640522875818
595 0.7810968137254902 0.576593137254902 0.14736519607843138 0.14011437908496732
595 0.6337316176470588 0.4497549019607843 0.14246323529411764 0.13316993464052287
595 0.7711397058823529 0.44812091503267976 0.1323529411764706 0.12336601307189543
595 0.9198835784313726 0.6296977124183006 0.1602328431372549 0.2201797385620915
595 0.8797487745098039 0.44812091503267976 0.10998774509803921 0.13643790849673204
848 0.32613357843137253 0.12479575163398693 0.19761029411764705 0.21037581699346405
848 0.5199142156862745 0.13480392156862744 0.18504901960784315 0.2099673202614379
849 0.15808823529411764 0.11580882352941177 0.15379901960784315 0.22834967320261437
849 0.0428921568627451 0.1198937908496732 0.08394607843137254 0.23651960784313728