640 0.4048202614379085 0.44485294117647056 0.3496732026143791 0.08517156862745098
640 0.40298202614379086 0.36121323529411764 0.3598856209150327 0.09252450980392157
640 0.40645424836601307 0.27987132352941174 0.35294117647058826 0.0897671568627451
640 0.40645424836601307 0.19852941176470587 0.35294117647058826 0.09252450980392157
640 0.7497957516339869 0.20098039215686275 0.34681372549019607 0.09252450980392157
640 0.7514297385620915 0.2861519607843137 0.34354575163398693 0.09252450980392157
640 0.7446895424836601 0.36611519607843135 0.3300653594771242 0.08762254901960784
640 0.789828431372549 0.4610906862745098 0.42034313725490197 0.11274509803921569
594 0.10498366013071896 0.6873468137254902 0.2099673202614379 0.08486519607843138
594 0.09150326797385622 0.7737438725490196 0.18300653594771243 0.07751225490196079
848 0.07495915032679738 0.42861519607843135 0.14991830065359477 0.14276960784313725
848 0.09497549019607844 0.32613357843137253 0.18341503267973858 0.08731617647058823
848 0.11151960784313726 0.22855392156862744 0.2034313725490196 0.11764705882352941
595 0.30494281045751637 0.7922794117647058 0.18995098039215688 0.12009803921568628
595 0.3082107843137255 0.6798406862745098 0.18995098039215688 0.10477941176470588
595 0.48978758169934644 0.6810661764705882 0.17320261437908496 0.10232843137254902
595 0.4846813725490196 0.7922794117647058 0.18341503267973858 0.12990196078431374
595 0.6664624183006537 0.7248774509803921 0.19975490196078433 0.14522058823529413
595 0.7113970588235294 0.8711703431372549 0.24305555555555555 0.17738970588235295