690 0.07996323529411764 0.22998366013071897 0.15502450980392157 0.45996732026143794
690 0.21982230392156862 0.22834967320261437 0.1449142156862745 0.45669934640522875
690 0.34987745098039214 0.22487745098039216 0.12990196078431374 0.4497549019607843
691 0.7461703431372549 0.22160947712418302 0.13756127450980393 0.44321895424836605
625 0.8811274509803921 0.21997549019607843 0.14767156862745098 0.43995098039215685
692 0.7297794117647058 0.854983660130719 0.12009803921568628 0.2900326797385621
692 0.8347120098039216 0.8515114379084967 0.10998774509803921 0.29697712418300654
693 0.9375 0.8533496732026145 0.125 0.29330065359477125
691 0.4849877450980392 0.22651143790849673 0.125 0.45302287581699346
691 0.6161151960784313 0.22487745098039216 0.12254901960784313 0.44321895424836605
851 0.6199448529411765 0.8598856209150327 0.11488970588235294 0.28022875816993464
851 0.5047487745098039 0.8564133986928105 0.10998774509803921 0.2798202614379085
851 0.3972120098039216 0.8615196078431373 0.10998774509803921 0.2769607843137255
851 0.29105392156862747 0.8666258169934641 0.12254901960784313 0.2667483660130719
851 0.1798406862745098 0.8666258169934641 0.125 0.2667483660130719
625 0.9643075980392156 0.22406045751633988 0.07138480392156862 0.43504901960784315
851 0.08164828431372549 0.8723447712418301 0.10386029411764705 0.25531045751633985