625 0.5337009803921569 0.2949346405228758 0.0974264705882353 0.3366013071895425
625 0.43596813725490197 0.2965686274509804 0.09252450980392157 0.33986928104575165
625 0.34359681372549017 0.3014705882352941 0.0977328431372549 0.3366013071895425
691 0.2536764705882353 0.3014705882352941 0.09252450980392157 0.3366013071895425
691 0.15487132352941177 0.3031045751633987 0.10018382352941177 0.33333333333333337
691 0.05606617647058824 0.2965686274509804 0.10232843137254902 0.33333333333333337
694 0.6323529411764706 0.29820261437908496 0.09497549019607843 0.3366013071895425
694 0.712469362745098 0.28656045751633985 0.07506127450980392 0.3002450980392157
694 0.8147977941176471 0.2949346405228758 0.10998774509803921 0.3366013071895425
693 0.6936274509803921 0.7949346405228759 0.09252450980392157 0.2434640522875817
693 0.608609068627451 0.7949346405228759 0.08241421568627451 0.2434640522875817
693 0.5248161764705882 0.7933006535947713 0.08517156862745098 0.24673202614379086
693 0.44362745098039214 0.7914624183006537 0.08272058823529412 0.24305555555555555
692 0.3622855392156863 0.7863562091503268 0.08486519607843138 0.24673202614379086
692 0.2823223039215686 0.7881944444444444 0.0897671568627451 0.24305555555555555
852 0.9036458333333334 0.2881944444444445 0.07751225490196079 0.32312091503267976
851 0.19852941176470587 0.7881944444444444 0.09252450980392157 0.24305555555555555
851 0.11488970588235294 0.7798202614379085 0.0900735294117647 0.23366013071895425
853 0.7772671568627451 0.7965686274509804 0.09497549019607843 0.24673202614379086
853 0.8636642156862745 0.7949346405228759 0.0974264705882353 0.2434640522875817
851 0.04534313725490196 0.7939133986928105 0.08884803921568628 0.2520424836601307
853 0.9474571078431372 0.8055555555555556 0.10508578431372549 0.25163398692810457