694 0.604779411764706 0.8598345588235294 0.13031045751633988 0.2650122549019608
694 0.7197712418300654 0.8236825980392157 0.11356209150326797 0.23743872549019607
694 0.8564133986928105 0.8537071078431372 0.14011437908496732 0.26256127450980393
695 0.30800653594771243 0.48238357843137253 0.12990196078431374 0.2552083333333333
695 0.43300653594771243 0.477328431372549 0.12663398692810457 0.25980392156862747
695 0.5714869281045751 0.47472426470588236 0.13643790849673204 0.2650122549019608
696 0.7030228758169935 0.4722732843137255 0.12663398692810457 0.2650122549019608
696 0.8498774509803921 0.4722732843137255 0.14011437908496732 0.2699142156862745
697 0.846609477124183 0.08118872549019608 0.14665032679738563 0.16237745098039216
691 0.09967320261437909 0.8598345588235294 0.12009803921568628 0.2601102941176471
625 0.21977124183006536 0.858609068627451 0.12009803921568628 0.25765931372549017
625 0.3496732026143791 0.8598345588235294 0.12009803921568628 0.2601102941176471
625 0.47303921568627455 0.858609068627451 0.12663398692810457 0.27236519607843135
854 0.05984477124183007 0.48360906862745096 0.11968954248366014 0.25275735294117646
854 0.1815767973856209 0.48360906862745096 0.13684640522875818 0.25275735294117646
855 0.13316993464052287 0.09620098039215687 0.14705882352941177 0.19240196078431374
823 0.2714460784313726 0.09237132352941177 0.1433823529411765 0.18474264705882354
823 0.4099264705882353 0.0935968137254902 0.14011437908496732 0.17738970588235295
823 0.5549428104575164 0.08746936274509803 0.1433823529411765 0.17493872549019607
823 0.6981209150326798 0.0862438725490196 0.1503267973856209 0.1724877450980392
697 0.9589460784313726 0.08103553921568628 0.07475490196078431 0.1602328431372549