695 0.5631127450980392 0.4661458333333333 0.13357843137254902 0.27236519607843135
695 0.701388888888889 0.4610906862745098 0.13643790849673204 0.2775735294117647
695 0.854779411764706 0.45618872549019607 0.14991830065359477 0.2824754901960784
694 0.8796977124183006 0.8624387254901961 0.13357843137254902 0.27512254901960786
625 0.7381535947712419 0.8612132352941176 0.13643790849673204 0.2775735294117647
625 0.6031454248366013 0.8599877450980392 0.14011437908496732 0.2800245098039216
625 0.46977124183006536 0.8598345588235294 0.12663398692810457 0.27481617647058826
691 0.3415032679738562 0.8573835784313726 0.12990196078431374 0.2699142156862745
691 0.21160130718954248 0.8598345588235294 0.12336601307189543 0.2699142156862745
691 0.088031045751634 0.858609068627451 0.13684640522875818 0.26746323529411764
855 0.10151143790849673 0.08486519607843138 0.1433823529411765 0.16973039215686275
855 0.2346813725490196 0.08363970588235294 0.14991830065359477 0.16727941176470587
855 0.3796977124183007 0.07873774509803921 0.14011437908496732 0.15747549019607843
823 0.5332924836601307 0.07490808823529412 0.14665032679738563 0.14981617647058823
854 0.1513480392156863 0.47610294117647056 0.13684640522875818 0.2622549019607843
854 0.2881944444444445 0.47472426470588236 0.13684640522875818 0.2650122549019608
854 0.4281045751633987 0.4722732843137255 0.13643790849673204 0.2650122549019608
823 0.6848447712418301 0.07598039215686274 0.14991830065359477 0.15012254901960784
823 0.8431372549019608 0.07291666666666667 0.1568627450980392 0.14399509803921567
823 0.9556781045751634 0.06847426470588235 0.0886437908496732 0.13511029411764705
694 0.9640522875816994 0.8198529411764706 0.07189542483660132 0.24754901960784315
696 0.9607843137254902 0.4541973039215686 0.0784313725490196 0.2913602941176471