700 0.5498366013071896 0.477328431372549 0.13316993464052287 0.24019607843137256
700 0.6799428104575164 0.47487745098039214 0.14011437908496732 0.22977941176470587
617 0.6247957516339869 0.8348651960784313 0.11642156862745098 0.21017156862745098
617 0.7197712418300654 0.789828431372549 0.09313725490196079 0.18504901960784315
619 0.8647875816993464 0.8348651960784313 0.1568627450980392 0.1948529411764706
856 0.1213235294117647 0.47610294117647056 0.1568627450980392 0.2426470588235294
856 0.2749183006535948 0.47610294117647056 0.12990196078431374 0.2426470588235294
856 0.4180964052287582 0.47487745098039214 0.13684640522875818 0.24019607843137256
850 0.8163807189542484 0.47610294117647056 0.14011437908496732 0.2426470588235294
850 0.9399509803921569 0.47472426470588236 0.12009803921568628 0.2349877450980392
857 0.10804738562091504 0.8386948529411764 0.13684640522875818 0.2074142156862745
857 0.2798202614379085 0.8497242647058824 0.11356209150326797 0.20496323529411764
857 0.3982843137254902 0.8423713235294118 0.11683006535947713 0.20006127450980393
857 0.5098039215686274 0.8423713235294118 0.11356209150326797 0.20986519607843138
619 0.9524101307189543 0.8304227941176471 0.09517973856209151 0.19393382352941177
868 0.4048202614379085 0.06541053921568628 0.17320261437908496 0.1289828431372549
868 0.7271241830065359 0.06724877450980392 0.1715686274509804 0.1326593137254902
467 0.8897058823529412 0.0703125 0.17320261437908496 0.13878676470588236