462 0.14154411764705882 0.45113357843137253 0.27655228758169936 0.19761029411764705
462 0.40461601307189543 0.4872855392156863 0.27655228758169936 0.20496323529411764
462 0.1431781045751634 0.6286764705882353 0.2732843137254902 0.15747549019607843
462 0.40645424836601307 0.6534926470588235 0.25980392156862747 0.12254901960784313
623 0.6497140522875817 0.42356004901960786 0.18668300653594772 0.19270833333333334
623 0.8347630718954249 0.42861519607843135 0.18341503267973858 0.19730392156862744
623 0.6497140522875817 0.602328431372549 0.18668300653594772 0.15992647058823528
623 0.826593137254902 0.6072303921568627 0.18668300653594772 0.15502450980392157
464 0.12969771241830066 0.8886335784313726 0.18668300653594772 0.2227328431372549
464 0.27818627450980393 0.8573835784313726 0.14297385620915032 0.20006127450980393
464 0.42483660130718953 0.8635110294117647 0.1503267973856209 0.2025122549019608
858 0.6098856209150327 0.8149509803921569 0.20016339869281047 0.125
858 0.8131127450980392 0.8223039215686274 0.2201797385620915 0.12009803921568628
858 0.596609477124183 0.9237132352941176 0.18668300653594772 0.09252450980392157
858 0.7814542483660131 0.9286151960784313 0.1968954248366013 0.10232843137254902
461 0.9540441176470589 0.5698529411764706 0.09191176470588236 0.23774509803921567
858 0.9448529411764706 0.8279718137254902 0.11029411764705882 0.13633578431372548
858 0.9248366013071896 0.9341299019607843 0.1503267973856209 0.09865196078431372