701 0.1815767973856209 0.5199142156862745 0.35661764705882354 0.34987745098039214
462 0.48161764705882354 0.4811580882352941 0.25 0.2025122549019608
462 0.5032679738562091 0.6548713235294118 0.25326797385620914 0.14981617647058823
462 0.7730800653594772 0.5134803921568627 0.306781045751634 0.21752450980392157
462 0.7665441176470589 0.6749387254901961 0.2732843137254902 0.125
463 0.07659313725490197 0.8849571078431372 0.15318627450980393 0.20496323529411764
463 0.22303921568627452 0.8861825980392156 0.16666666666666669 0.2074142156862745
464 0.40155228758169936 0.899969362745098 0.1568627450980392 0.20006127450980393
464 0.5465686274509804 0.8797487745098039 0.13316993464052287 0.20496323529411764
464 0.6913807189542484 0.8849571078431372 0.14991830065359477 0.20006127450980393
858 0.8848039215686275 0.8422181372549019 0.22303921568627452 0.125
858 0.8715277777777778 0.9397977941176471 0.21691176470588236 0.10998774509803921
853 0.17483660130718956 0.060355392156862746 0.20669934640522877 0.11887254901960784
853 0.3796977124183007 0.05545343137254902 0.19648692810457516 0.1090686274509804
853 0.5866013071895425 0.0548406862745098 0.2099673202614379 0.10784313725490197
853 0.7988153594771242 0.0548406862745098 0.23161764705882354 0.10784313725490197
623 0.9589460784313726 0.44806985294117646 0.0821078431372549 0.20618872549019607
623 0.9483251633986929 0.6315870098039216 0.10334967320261439 0.16636029411764705