702 0.11856617647058823 0.10988562091503268 0.11764705882352941 0.21977124183006536
703 0.22993259803921567 0.10661764705882354 0.11488970588235294 0.21323529411764708
703 0.3336397058823529 0.10988562091503268 0.0974264705882353 0.21977124183006536
704 0.7636335784313726 0.09660947712418301 0.10263480392156862 0.19321895424836602
704 0.868719362745098 0.09497549019607844 0.10753676470588235 0.18995098039215688
705 0.22870710784313725 0.7563316993464052 0.14246323529411764 0.306781045751634
705 0.3685661764705882 0.7598039215686275 0.1323529411764706 0.29983660130718953
705 0.6485906862745098 0.7546977124183006 0.1323529411764706 0.31004901960784315
705 0.7873774509803921 0.7514297385620915 0.15012254901960784 0.30351307189542487
705 0.5010723039215687 0.4497549019607843 0.14246323529411764 0.30637254901960786
705 0.6459865196078431 0.4564950980392157 0.13756127450980393 0.3133169934640523
705 0.7922794117647058 0.4497549019607843 0.15502450980392157 0.3137254901960784
670 0.9310661764705882 0.7062908496732027 0.12745098039215685 0.29330065359477125
702 0.03416053921568627 0.12152777777777778 0.0664828431372549 0.2397875816993464
704 0.9578737745098039 0.09824346405228758 0.08118872549019608 0.19321895424836602
703 0.4185049019607843 0.1090686274509804 0.06495098039215687 0.21160130718954248