703 0.12295751633986929 0.40487132352941174 0.12009803921568628 0.19025735294117646
704 0.616421568627451 0.3910845588235294 0.12663398692810457 0.19270833333333334
704 0.7463235294117647 0.38863357843137253 0.13316993464052287 0.19761029411764705
704 0.8848039215686275 0.383578431372549 0.14379084967320263 0.2077205882352941
705 0.12316176470588236 0.899969362745098 0.15318627450980393 0.20006127450980393
705 0.4746732026143791 0.899969362745098 0.16339869281045752 0.20006127450980393
705 0.2916666666666667 0.6973039215686274 0.16993464052287582 0.21997549019607843
705 0.46486928104575165 0.6924019607843137 0.16339869281045752 0.21017156862745098
705 0.6397058823529412 0.6885723039215687 0.16013071895424838 0.2227328431372549
706 0.8349673202614379 0.8449754901960784 0.16339869281045752 0.21997549019607843
705 0.4681372549019608 0.48238357843137253 0.16993464052287582 0.20496323529411764
703 0.03329248366013072 0.4030330882352941 0.06331699346405228 0.2110906862745098
704 0.9648692810457516 0.3805147058823529 0.07026143790849673 0.22120098039215685
703 0.24387254901960784 0.3524816176470588 0.11846405228758171 0.10263480392156862
703 0.3656045751633987 0.3480392156862745 0.12826797385620917 0.08639705882352941
703 0.49244281045751637 0.3472732843137255 0.13848039215686275 0.10263480392156862