670 0.07312091503267974 0.19102328431372548 0.13970588235294118 0.1724877450980392
670 0.4048202614379085 0.2035845588235294 0.1503267973856209 0.14736519607843138
672 0.5598447712418301 0.32245710784313725 0.15972222222222224 0.17493872549019607
672 0.7032271241830066 0.31234681372549017 0.14665032679738563 0.17493872549019607
672 0.8398692810457516 0.31862745098039214 0.12663398692810457 0.15747549019607843
672 0.9499591503267975 0.30974264705882354 0.10008169934640523 0.15502450980392157
671 0.07495915032679738 0.6361825980392157 0.14991830065359477 0.22763480392156862
671 0.09150326797385622 0.8661151960784313 0.18300653594771243 0.24754901960784315
671 0.25980392156862747 0.6248468137254902 0.21323529411764708 0.23988970588235295
671 0.2798202614379085 0.8547794117647058 0.20669934640522877 0.25
671 0.46486928104575165 0.6098345588235294 0.2099673202614379 0.2349877450980392
671 0.48815359477124187 0.8460477941176471 0.2034313725490196 0.25765931372549017
671 0.6748366013071896 0.6037071078431372 0.1968954248366013 0.23743872549019607
708 0.9048202614379085 0.8449754901960784 0.19035947712418302 0.2800245098039216
708 0.8398692810457516 0.5972732843137255 0.16013071895424838 0.20006127450980393
671 0.6948529411764706 0.8360906862745098 0.2099673202614379 0.25735294117647056