669 0.2332516339869281 0.8498774509803921 0.21323529411764708 0.2702205882352941
669 0.06495098039215687 0.8549325980392157 0.12990196078431374 0.2699142156862745
669 0.4497549019607843 0.8411458333333334 0.21323529411764708 0.26746323529411764
669 0.44321895424836605 0.5974264705882353 0.20669934640522877 0.24509803921568626
669 0.42790032679738566 0.3486519607843137 0.22998366013071897 0.25245098039215685
671 0.6631944444444444 0.8334865196078431 0.2201797385620915 0.26256127450980393
671 0.8764297385620915 0.8249080882352942 0.2201797385620915 0.2650122549019608
671 0.866421568627451 0.5873161764705882 0.21977124183006536 0.24019607843137256
671 0.8582516339869282 0.3460477941176471 0.21650326797385622 0.2423406862745098
670 0.24305555555555555 0.3034620098039216 0.16666666666666669 0.1724877450980392
670 0.5796568627450981 0.12974877450980393 0.16666666666666669 0.17493872549019607
670 0.7281454248366013 0.15364583333333334 0.14991830065359477 0.14736519607843138
670 0.8731617647058824 0.16237745098039216 0.14011437908496732 0.13480392156862744