668 0.08660130718954248 0.34237132352941174 0.17320261437908496 0.23988970588235295
668 0.09987745098039216 0.5836397058823529 0.19975490196078433 0.24754901960784315
668 0.10314542483660132 0.8235294117647058 0.19975490196078433 0.25735294117647056
668 0.3047385620915033 0.5761335784313726 0.2034313725490196 0.23743872549019607
668 0.3165849673202614 0.8123468137254902 0.20016339869281047 0.2552083333333333
669 0.5114379084967321 0.5647977941176471 0.2099673202614379 0.23988970588235295
669 0.5314542483660131 0.7987132352941176 0.1968954248366013 0.25245098039215685
669 0.6948529411764706 0.3249080882352941 0.2099673202614379 0.23988970588235295
669 0.7097630718954249 0.5536151960784313 0.19321895424836602 0.23223039215686275
669 0.7248774509803921 0.7837009803921569 0.19648692810457516 0.24754901960784315
669 0.9082924836601307 0.7760416666666666 0.18341503267973858 0.25245098039215685
669 0.9048202614379085 0.5436580882352942 0.19035947712418302 0.23253676470588236
670 0.8366013071895425 0.27236519607843135 0.12009803921568628 0.16973039215686275
670 0.7598039215686275 0.15364583333333334 0.14624183006535948 0.10753676470588235