672 0.26485906862745096 0.40298202614379086 0.11488970588235294 0.2332516339869281
672 0.37484681372549017 0.40625 0.10998774509803921 0.2267156862745098
672 0.48238357843137253 0.4213643790849673 0.0897671568627451 0.19648692810457516
672 0.5798100490196079 0.42647058823529416 0.10018382352941177 0.20669934640522877
672 0.6873468137254902 0.41135620915032683 0.11979166666666667 0.21650326797385622
672 0.7973345588235294 0.4164624183006536 0.10508578431372549 0.2201797385620915
672 0.9048713235294118 0.4213643790849673 0.10998774509803921 0.21691176470588236
670 0.16099877450980393 0.2281454248366013 0.10753676470588235 0.20302287581699346
671 0.12362132352941177 0.8131127450980392 0.17738970588235295 0.34681372549019607
671 0.29488357843137253 0.8114787581699346 0.16513480392156862 0.35008169934640526
708 0.4486825980392157 0.8031045751633987 0.13756127450980393 0.286764705882353
708 0.5948223039215687 0.8065767973856209 0.1449142156862745 0.3002450980392157
708 0.7311580882352942 0.8014705882352942 0.1326593137254902 0.2900326797385621
708 0.8636642156862745 0.7949346405228759 0.12745098039215685 0.2834967320261438
707 0.962469362745098 0.7839052287581699 0.07506127450980392 0.28513071895424835