669 0.09237132352941177 0.5430964052287582 0.16513480392156862 0.3198529411764706
669 0.0862438725490196 0.8498774509803921 0.1724877450980392 0.3002450980392157
671 0.25245098039215685 0.8498774509803921 0.15502450980392157 0.3002450980392157
671 0.4111519607843137 0.8449754901960784 0.15747549019607843 0.31004901960784315
671 0.571078431372549 0.8415032679738562 0.16237745098039216 0.31699346405228757
671 0.7360600490196079 0.8382352941176471 0.16758578431372548 0.3235294117647059
672 0.6360294117647058 0.443014705882353 0.11764705882352941 0.2267156862745098
672 0.7498468137254902 0.4381127450980392 0.11979166666666667 0.23651960784313728
672 0.8486519607843137 0.4464869281045752 0.09252450980392157 0.21323529411764708
672 0.9436274509803921 0.4464869281045752 0.11274509803921569 0.21977124183006536
670 0.27236519607843135 0.24816176470588236 0.11519607843137254 0.21691176470588236
670 0.5185355392156863 0.27798202614379086 0.10753676470588235 0.18995098039215688
670 0.5260416666666666 0.4646650326797386 0.08762254901960784 0.18341503267973858
708 0.8710171568627451 0.8447712418300654 0.12254901960784313 0.2965686274509804