712 0.5836397058823529 0.9164624183006537 0.22242647058823528 0.16707516339869283
712 0.5586703431372549 0.7630718954248367 0.17738970588235295 0.13970588235294118
712 0.5436580882352942 0.6580882352941176 0.14736519607843138 0.08333333333333334
712 0.5323223039215687 0.5731209150326797 0.13511029411764705 0.08660130718954248
712 0.6810661764705882 0.5665849673202614 0.1525735294117647 0.08660130718954248
712 0.6985294117647058 0.6548202614379085 0.16237745098039216 0.08333333333333334
712 0.7348345588235294 0.7614379084967321 0.1951593137254902 0.12990196078431374
712 0.7912071078431372 0.8997140522875817 0.23253676470588236 0.15318627450980393
712 0.9099264705882353 0.7549019607843137 0.1801470588235294 0.12990196078431374
712 0.8259803921568627 0.6280637254901961 0.12745098039215685 0.09681372549019608
650 0.3460477941176471 0.3331290849673203 0.21231617647058823 0.11315359477124183
650 0.3486519607843137 0.1746323529411765 0.17769607843137256 0.10334967320261439
650 0.5335477941176471 0.35314542483660133 0.1724877450980392 0.08700980392156862
650 0.5248161764705882 0.2696078431372549 0.15502450980392157 0.08660130718954248
650 0.5223651960784313 0.18484477124183007 0.16482843137254902 0.09027777777777778
650 0.5412071078431373 0.10151143790849673 0.16758578431372548 0.09681372549019608
651 0.7784926470588235 0.33986928104575165 0.1875 0.11356209150326797
651 0.7685355392156863 0.24305555555555555 0.17738970588235295 0.09967320261437909
651 0.7473958333333334 0.15645424836601307 0.1798406862745098 0.09313725490196079
651 0.7185968137254902 0.07475490196078431 0.19270833333333334 0.11029411764705882
651 0.9348958333333334 0.15155228758169936 0.13020833333333334 0.11029411764705882
651 0.9299938725490196 0.25306372549019607 0.1400122549019608 0.10008169934640523
651 0.9348958333333334 0.35314542483660133 0.13020833333333334 0.10008169934640523
860 0.05744485294117647 0.7062908496732027 0.11488970588235294 0.20669934640522877
860 0.049938725490196074 0.8997140522875817 0.09987745098039215 0.19321895424836602
861 0.20098039215686275 0.6299019607843137 0.1875 0.11356209150326797
861 0.20235906862745098 0.7348856209150327 0.19025735294117646 0.12336601307189543
861 0.1997549019607843 0.8349673202614379 0.18995098039215685 0.12336601307189543
861 0.38112745098039214 0.6196895424836601 0.16237745098039216 0.11356209150326797
861 0.38112745098039214 0.721609477124183 0.16237745098039216 0.10334967320261439
861 0.3786764705882353 0.8065767973856209 0.15747549019607843 0.11315359477124183
861 0.19607843137254902 0.9313725490196079 0.18259803921568626 0.12990196078431374
861 0.37484681372549017 0.9164624183006537 0.17003676470588236 0.1270424836601307
651 0.890625 0.03901143790849673 0.15625 0.07148692810457516