649 0.1836703431372549 0.39481209150326796 0.1724877450980392 0.10334967320261439
649 0.19362745098039216 0.3082107843137255 0.17769607843137256 0.10334967320261439
649 0.1948529411764706 0.21650326797385622 0.16973039215686275 0.08660130718954248
649 0.2261029411764706 0.08476307189542484 0.1525735294117647 0.10334967320261439
649 0.3860294117647059 0.10151143790849673 0.1525735294117647 0.09027777777777778
649 0.3760723039215686 0.184640522875817 0.15226715686274508 0.08333333333333334
649 0.37484681372549017 0.2581699346405229 0.1449142156862745 0.08333333333333334
649 0.3685661764705882 0.39481209150326796 0.17769607843137256 0.10988562091503268
649 0.5448835784313726 0.4115604575163399 0.17493872549019607 0.10334967320261439
649 0.5337009803921569 0.2679738562091503 0.1525735294117647 0.08333333333333334
649 0.5337009803921569 0.18647875816993464 0.1525735294117647 0.08700980392156862
605 0.22472426470588236 0.6548202614379085 0.17003676470588236 0.08986928104575163
605 0.2261029411764706 0.7346813725490197 0.17769607843137256 0.06985294117647059
605 0.22104779411764705 0.7947303921568628 0.16758578431372548 0.06985294117647059
605 0.21614583333333334 0.8731617647058824 0.1724877450980392 0.08700980392156862
605 0.4036458333333333 0.8680555555555556 0.2074142156862745 0.2099673202614379
604 0.6361825980392157 0.8598856209150327 0.2074142156862745 0.20669934640522877
604 0.8360906862745098 0.846609477124183 0.1875 0.19321895424836602
604 0.6236213235294118 0.7081290849673203 0.18229166666666666 0.0763888888888889
604 0.5873161764705882 0.6096813725490197 0.14522058823529413 0.06658496732026144
604 0.8123468137254902 0.7099673202614379 0.18474264705882354 0.08006535947712419
604 0.8036151960784313 0.6299019607843137 0.19730392156862744 0.07352941176470588
713 0.6873468137254902 0.2397875816993464 0.13020833333333334 0.16013071895424838
713 0.6936274509803921 0.38991013071895425 0.11274509803921569 0.14665032679738563
713 0.8247549019607843 0.38643790849673204 0.15502450980392157 0.16666666666666669
713 0.806219362745098 0.23815359477124184 0.11243872549019608 0.13643790849673204
714 0.9336703431372549 0.3131127450980392 0.1326593137254902 0.3002450980392157
604 0.4273897058823529 0.7232434640522876 0.1948529411764706 0.10008169934640523
604 0.4397977941176471 0.6382761437908497 0.1798406862745098 0.10334967320261439