715 0.16319444444444445 0.7299325980392157 0.1736111111111111 0.3851102941176471
716 0.34129901960784315 0.7248774509803921 0.1433823529411765 0.375
716 0.46977124183006536 0.7398897058823529 0.12663398692810457 0.40012254901960786
716 0.6198937908496732 0.7397365196078431 0.18668300653594772 0.42003676470588236
716 0.789828431372549 0.7398897058823529 0.16625816993464052 0.40012254901960786
716 0.9315767973856209 0.7297794117647058 0.13684640522875818 0.3799019607843137
717 0.2232434640522876 0.1323529411764706 0.19321895424836602 0.17524509803921567
717 0.2048611111111111 0.289828431372549 0.19648692810457516 0.13480392156862744
718 0.45302287581699346 0.1323529411764706 0.21323529411764708 0.1801470588235294
718 0.4448529411764706 0.289828431372549 0.21650326797385622 0.13480392156862744
718 0.6531862745098039 0.2786458333333333 0.20669934640522877 0.14736519607843138
718 0.6548202614379085 0.12852328431372548 0.1968954248366013 0.17738970588235295
718 0.8615196078431373 0.27987132352941174 0.2099673202614379 0.14981617647058823
718 0.8582516339869282 0.1248468137254902 0.2099673202614379 0.1798406862745098
717 0.05821078431372549 0.2936580882352941 0.11315359477124183 0.13511029411764705
717 0.06495098039215687 0.1485906862745098 0.12663398692810457 0.18504901960784315
715 0.042279411764705885 0.7360600490196079 0.08129084967320262 0.3949142156862745