715 0.1431781045751634 0.35355392156862747 0.14665032679738563 0.3474264705882353
715 0.27818627450980393 0.34987745098039214 0.17647058823529413 0.3799019607843137
715 0.43647875816993464 0.352328431372549 0.15318627450980393 0.3799019607843137
715 0.5915032679738562 0.34849877450980393 0.17647058823529413 0.38756127450980393
715 0.7630718954248367 0.3486519607843137 0.17320261437908496 0.38235294117647056
715 0.923202614379085 0.35110294117647056 0.15359477124183007 0.39276960784313725
719 0.6964869281045751 0.8573835784313726 0.17973856209150327 0.2852328431372549
719 0.8647875816993464 0.8573835784313726 0.16993464052287582 0.2852328431372549
720 0.43647875816993464 0.8449754901960784 0.1736111111111111 0.2800245098039216
720 0.2616421568627451 0.8462009803921569 0.18995098039215688 0.2775735294117647
720 0.15727124183006536 0.8060661764705882 0.10866013071895425 0.2549019607843137