721 0.07495915032679738 0.35355392156862747 0.14991830065359477 0.38235294117647056
721 0.2281454248366013 0.35110294117647056 0.19648692810457516 0.3872549019607843
721 0.4013480392156863 0.35110294117647056 0.18995098039215688 0.39767156862745096
721 0.6380718954248367 0.3448223039215686 0.16339869281045752 0.3648897058823529
715 0.8198529411764706 0.33731617647058826 0.16666666666666669 0.36519607843137253
720 0.644812091503268 0.8573835784313726 0.17687908496732027 0.2852328431372549
720 0.7865604575163399 0.8135723039215687 0.14011437908496732 0.26746323529411764
720 0.9183006535947713 0.8560049019607843 0.16339869281045752 0.2824754901960784
867 0.0806781045751634 0.8386948529411764 0.15808823529411764 0.3226102941176471
867 0.2514297385620915 0.8348651960784313 0.2267156862745098 0.33026960784313725
867 0.4581290849673203 0.7867647058823529 0.19975490196078433 0.3112745098039216
715 0.9491421568627452 0.3316482843137255 0.1017156862745098 0.40349264705882354
715 0.09313725490196079 0.6636029411764706 0.17647058823529413 0.05514705882352941
715 0.2681781045751634 0.655484068627451 0.1801470588235294 0.0585171568627451
715 0.6372549019607844 0.702359068627451 0.16176470588235295 0.04503676470588235
715 0.6198937908496732 0.664828431372549 0.14011437908496732 0.03982843137254902
715 0.7657271241830066 0.6628370098039216 0.13848039215686275 0.046262254901960786
715 0.6540032679738562 0.633578431372549 0.125 0.05514705882352941
715 0.9064542483660131 0.6609987745098039 0.13643790849673204 0.049938725490196074
715 0.9274918300653595 0.6992953431372549 0.14501633986928106 0.04871323529411765