720 0.2697610294117647 0.22160947712418302 0.17493872549019607 0.4366830065359477
720 0.4273897058823529 0.20322712418300654 0.13480392156862744 0.40645424836601307
720 0.5487132352941176 0.2281454248366013 0.15747549019607843 0.4497549019607843
720 0.7224264705882353 0.2332516339869281 0.18504901960784315 0.4665032679738562
719 0.9336703431372549 0.25306372549019607 0.1326593137254902 0.4734477124183007
722 0.06985294117647059 0.7730800653594772 0.13970588235294118 0.4464869281045752
722 0.2072610294117647 0.7730800653594772 0.13511029411764705 0.4334150326797386
722 0.32735906862745096 0.7332516339869282 0.10998774509803921 0.37336601307189543
722 0.42356004901960786 0.7481617647058824 0.10753676470588235 0.3770424836601307
722 0.5297181372549019 0.7062908496732027 0.09497549019607843 0.29330065359477125
722 0.7486213235294118 0.7314133986928105 0.11243872549019608 0.32312091503267976
722 0.8511029411764706 0.7330473856209151 0.11274509803921569 0.306781045751634
723 0.6248468137254902 0.7730800653594772 0.13020833333333334 0.40645424836601307
867 0.13174019607843138 0.1948529411764706 0.18137254901960784 0.38643790849673204