149 0.08854166666666667 0.7949346405228759 0.12254901960784313 0.25
149 0.09099264705882353 0.5381944444444444 0.12254901960784313 0.2569444444444445
149 0.19240196078431374 0.8366013071895425 0.15012254901960784 0.32679738562091504
150 0.3549325980392157 0.5498366013071896 0.1449142156862745 0.30637254901960786
150 0.34987745098039214 0.8433415032679739 0.15012254901960784 0.3133169934640523
150 0.49494485294117646 0.548202614379085 0.1400122549019608 0.2900326797385621
150 0.49111519607843135 0.8382352941176471 0.13725490196078433 0.3031045751633987
140 0.6299019607843137 0.8165849673202614 0.12009803921568628 0.29983660130718953
140 0.7599571078431372 0.826593137254902 0.1400122549019608 0.306781045751634
140 0.7147671568627451 0.5465686274509804 0.12009803921568628 0.24673202614379086
141 0.8972120098039216 0.8247549019607844 0.1400122549019608 0.3031045751633987
141 0.8947610294117647 0.5565767973856209 0.1449142156862745 0.2798202614379085
151 0.13357843137254902 0.13316993464052287 0.15747549019607843 0.26633986928104575
143 0.8135723039215687 0.1613562091503268 0.14246323529411764 0.2630718954248366
143 0.9411764705882353 0.16482843137254902 0.11764705882352941 0.27001633986928103
747 0.27987132352941174 0.1664624183006536 0.1449142156862745 0.2267156862745098
746 0.5574448529411765 0.17973856209150327 0.13511029411764705 0.21323529411764708
746 0.6835171568627451 0.1881127450980392 0.12254901960784313 0.20302287581699346