155 0.11662581699346405 0.8612132352941176 0.2267156862745098 0.24754901960784315
155 0.3396650326797386 0.8723958333333334 0.2267156862745098 0.2552083333333333
152 0.5749591503267975 0.8699448529411764 0.22998366013071897 0.2601102941176471
152 0.8065767973856209 0.8760723039215687 0.2332516339869281 0.2423406862745098
152 0.8049428104575164 0.6911764705882353 0.23651960784313728 0.22242647058823528
149 0.09803921568627451 0.3861825980392157 0.1568627450980392 0.2025122549019608
149 0.09824346405228758 0.17861519607843138 0.17687908496732027 0.21262254901960784
149 0.25306372549019607 0.37484681372549017 0.2201797385620915 0.2349877450980392
150 0.4665032679738562 0.3760723039215686 0.20669934640522877 0.23743872549019607
150 0.6697303921568628 0.37484681372549017 0.19975490196078433 0.2349877450980392
150 0.4665032679738562 0.12990196078431374 0.20669934640522877 0.25980392156862747
150 0.673202614379085 0.12867647058823528 0.20669934640522877 0.25735294117647056
140 0.8698937908496732 0.3711703431372549 0.18668300653594772 0.22763480392156862
155 0.23141339869281047 0.6286764705882353 0.15645424836601307 0.09252450980392157