156 0.13112745098039216 0.8314950980392157 0.21752450980392157 0.33700980392156865
156 0.12729779411764705 0.49979575163398693 0.22518382352941177 0.3402777777777778
156 0.36243872549019607 0.769812091503268 0.15012254901960784 0.2863562091503268
157 0.5310968137254902 0.826388888888889 0.18229166666666666 0.33333333333333337
157 0.5386029411764706 0.5263480392156863 0.18259803921568626 0.3133169934640523
157 0.7173713235294118 0.826388888888889 0.19025735294117646 0.32679738562091504
158 0.8797487745098039 0.5330882352941176 0.1400122549019608 0.28022875816993464
155 0.11611519607843138 0.07495915032679738 0.19240196078431374 0.14991830065359477
155 0.321078431372549 0.07659313725490197 0.2077205882352941 0.15318627450980393
152 0.5347732843137255 0.08660130718954248 0.20006127450980393 0.17320261437908496
152 0.7398897058823529 0.08986928104575163 0.1948529411764706 0.17973856209150327
152 0.9198835784313726 0.09497549019607844 0.1602328431372549 0.18995098039215688