36 0.053462009803921566 0.25980392156862747 0.07751225490196079 0.14624183006535948
36 0.034926470588235295 0.42483660130718953 0.06985294117647059 0.16339869281045752
32 0.11856617647058823 0.4281045751633987 0.09252450980392157 0.16993464052287582
32 0.2074142156862745 0.4215686274509804 0.08517156862745098 0.16993464052287582
33 0.3023897058823529 0.42320261437908496 0.0900735294117647 0.17320261437908496
33 0.38480392156862747 0.42320261437908496 0.08517156862745098 0.17320261437908496
33 0.3287377450980392 0.26491013071895425 0.0625 0.1433823529411765
33 0.3961397058823529 0.26143790849673204 0.07230392156862744 0.14297385620915032
34 0.4811580882352941 0.4215686274509804 0.08241421568627451 0.16993464052287582
34 0.5686274509803921 0.4213643790849673 0.08762254901960784 0.17687908496732027
35 0.6674325980392157 0.1881127450980392 0.08486519607843138 0.13684640522875818
35 0.664828431372549 0.3131127450980392 0.08517156862745098 0.13357843137254902
35 0.6597732843137255 0.44138071895424835 0.08486519607843138 0.13684640522875818
35 0.7561274509803921 0.18484477124183007 0.08762254901960784 0.13031045751633988
35 0.7522977941176471 0.3147467320261438 0.08486519607843138 0.13684640522875818
35 0.7435661764705882 0.44138071895424835 0.08272058823529412 0.13684640522875818
35 0.8598345588235294 0.24632352941176472 0.10018382352941177 0.17320261437908496
35 0.852328431372549 0.4213643790849673 0.0900735294117647 0.17687908496732027
35 0.9385723039215687 0.41973039215686275 0.07751225490196079 0.18668300653594772
37 0.20618872549019607 0.6997549019607844 0.08762254901960784 0.17973856209150327
37 0.21231617647058823 0.8615196078431373 0.0900735294117647 0.1503267973856209
37 0.29610906862745096 0.7030228758169935 0.08731617647058823 0.17973856209150327
37 0.2973345588235294 0.8615196078431373 0.08486519607843138 0.1568627450980392
38 0.5598958333333334 0.701388888888889 0.08486519607843138 0.18300653594771243
38 0.5560661764705882 0.8647875816993464 0.08272058823529412 0.1568627450980392
38 0.6423100490196079 0.6997549019607844 0.07996323529411764 0.18627450980392157
38 0.639859068627451 0.8647875816993464 0.07996323529411764 0.1568627450980392
38 0.7424938725490196 0.6797385620915033 0.10998774509803921 0.20016339869281047
38 0.7397365196078431 0.8582516339869282 0.10998774509803921 0.16993464052287582
38 0.8636642156862745 0.6797385620915033 0.11764705882352941 0.20016339869281047
38 0.8549325980392157 0.854779411764706 0.11488970588235294 0.17034313725490197
38 0.38495710784313725 0.8014705882352942 0.07506127450980392 0.11029411764705882
38 0.3861825980392157 0.8931781045751634 0.07751225490196079 0.08700980392156862
38 0.4649203431372549 0.8715277777777778 0.07996323529411764 0.13031045751633988
38 0.4724264705882353 0.7514297385620915 0.06985294117647059 0.10334967320261439
38 0.4736519607843137 0.6564542483660131 0.06740196078431372 0.08660130718954248