176 0.09865196078431372 0.6664624183006537 0.19730392156862744 0.21364379084967322
176 0.2685355392156863 0.672998366013072 0.16758578431372548 0.18668300653594772
176 0.18872549019607843 0.9015522875816994 0.3425245098039216 0.1968954248366013
176 0.5361519607843137 0.8964460784313726 0.3075980392156863 0.20710784313725492
176 0.49111519607843135 0.6464460784313726 0.2922794117647059 0.19975490196078433
176 0.8449754901960784 0.5647467320261438 0.31004901960784315 0.30351307189542487
176 0.8160232843137255 0.7479575163398693 0.3324142156862745 0.16993464052287582
176 0.827359068627451 0.9031862745098039 0.30974264705882354 0.16666666666666669
172 0.7847732843137255 0.21834150326797386 0.33486519607843135 0.4366830065359477
172 0.45174632352941174 0.1323529411764706 0.25888480392156865 0.26143790849673204
172 0.1917892156862745 0.12908496732026145 0.32598039215686275 0.2549019607843137