161 0.10998774509803921 0.2332516339869281 0.21997549019607843 0.16666666666666669
161 0.3285845588235294 0.2346813725490196 0.21231617647058823 0.14991830065359477
161 0.34359681372549017 0.12152777777777778 0.19761029411764705 0.17687908496732027
161 0.15870098039215685 0.07822712418300654 0.1875 0.10988562091503268
177 0.6173406862745098 0.2681781045751634 0.31985294117647056 0.10988562091503268
177 0.6049325980392157 0.1664624183006536 0.2650122549019608 0.10008169934640523
160 0.10615808823529412 0.5980392156862745 0.21231617647058823 0.11029411764705882
178 0.3011642156862745 0.9115604575163399 0.5073529411764706 0.14991830065359477
179 0.6374080882352942 0.7630718954248367 0.2601102941176471 0.45996732026143794
179 0.9286151960784313 0.7663398692810458 0.14276960784313725 0.4068627450980392
178 0.2849264705882353 0.6497140522875817 0.25 0.18668300653594772
176 0.9087009803921569 0.2181372549019608 0.18259803921568626 0.13643790849673204
176 0.8973651960784313 0.07659313725490197 0.20526960784313725 0.14665032679738563