39 0.6764705882352942 0.06740196078431372 0.12663398692810457 0.13480392156862744
39 0.8063725490196079 0.06985294117647059 0.12009803921568628 0.13970588235294118
29 0.05984477124183007 0.477328431372549 0.11968954248366014 0.14522058823529413
30 0.19648692810457516 0.2936580882352941 0.13316993464052287 0.08731617647058823
30 0.19648692810457516 0.3659620098039216 0.13970588235294118 0.07751225490196079
30 0.19464869281045752 0.4385723039215686 0.1433823529411765 0.07751225490196079
30 0.19464869281045752 0.5124080882352942 0.1433823529411765 0.07506127450980392
30 0.3314950980392157 0.29610906862745096 0.13031045751633988 0.07751225490196079
30 0.338031045751634 0.36994485294117646 0.1433823529411765 0.07996323529411764
30 0.338031045751634 0.43734681372549017 0.13684640522875818 0.07506127450980392
30 0.33639705882352944 0.5124080882352942 0.14011437908496732 0.07506127450980392
31 0.4681372549019608 0.47870710784313725 0.13643790849673204 0.13756127450980393
31 0.5996732026143791 0.48238357843137253 0.12663398692810457 0.14981617647058823
31 0.7232434640522876 0.4799325980392157 0.11315359477124183 0.1400122549019608
40 0.8196486928104575 0.4385723039215686 0.10008169934640523 0.18229166666666666
40 0.9683415032679739 0.44362745098039214 0.06331699346405228 0.22242647058823528
33 0.10988562091503268 0.8348651960784313 0.12009803921568628 0.15992647058823528
33 0.23304738562091504 0.8373161764705882 0.11968954248366014 0.15992647058823528
33 0.17483660130718956 0.6636029411764706 0.11029411764705882 0.10723039215686274
33 0.2747140522875817 0.6674325980392157 0.09681372549019608 0.10998774509803921
34 0.37826797385620914 0.8348651960784313 0.11683006535947713 0.15992647058823528
34 0.49979575163398693 0.8497242647058824 0.11968954248366014 0.17003676470588236
35 0.6331699346405228 0.6686580882352942 0.12663398692810457 0.1173406862745098
35 0.6299019607843137 0.7772671568627451 0.12663398692810457 0.09987745098039215
35 0.6299019607843137 0.8748468137254902 0.11356209150326797 0.10508578431372549
35 0.7581699346405228 0.6686580882352942 0.12336601307189543 0.1173406862745098
35 0.7546977124183006 0.7709865196078431 0.11642156862745098 0.10753676470588235
35 0.7530637254901961 0.8673406862745098 0.11315359477124183 0.09987745098039215
35 0.9099264705882353 0.7287071078431372 0.14665032679738563 0.16758578431372548
35 0.8964460784313726 0.8673406862745098 0.13357843137254902 0.14522058823529413
733 0.39481209150326796 0.06495098039215687 0.13031045751633988 0.125
733 0.5381944444444444 0.06740196078431372 0.1433823529411765 0.13480392156862744